8 0.901113 0.624206 0.061973 0.179442
0 0.113806 0.363272 0.088696 0.359773
0 0.238794 0.363220 0.085010 0.359773
0 0.358228 0.352190 0.070557 0.349407
0 0.464038 0.351422 0.044580 0.349407
0 0.577483 0.358805 0.089536 0.359773
0 0.696494 0.351475 0.044580 0.369965
0 0.795503 0.355131 0.070557 0.368621
0 0.906062 0.366169 0.089536 0.359773
19 0.113157 0.126056 0.028247 0.148621
19 0.243047 0.124538 0.028252 0.148621
19 0.364058 0.115934 0.028252 0.148621
19 0.688933 0.118394 0.033755 0.148621
19 0.788623 0.114703 0.028252 0.148604
19 0.900352 0.129450 0.028252 0.148604
19 0.578120 0.122757 0.028252 0.124049
19 0.467695 0.123307 0.035488 0.148604
15 0.087034 0.921527 0.016401 0.092723
15 0.135579 0.921859 0.016401 0.092723
15 0.212996 0.919267 0.016401 0.092705
15 0.261794 0.922958 0.016401 0.092723
15 0.344841 0.925000 0.021450 0.100087
15 0.376155 0.893106 0.036655 0.076265
15 0.468042 0.938482 0.042920 0.080803
15 0.557498 0.926440 0.020854 0.072426
15 0.603750 0.925846 0.021699 0.072426
15 0.692187 0.935009 0.041602 0.074136
15 0.774490 0.894442 0.038140 0.074154
15 0.800618 0.932661 0.023208 0.088953
15 0.873179 0.922382 0.023213 0.088953
15 0.921672 0.922382 0.023208 0.088953
8 0.110967 0.624154 0.064063 0.172077
8 0.238169 0.621257 0.064062 0.172077
8 0.359863 0.608717 0.051660 0.179424
8 0.462598 0.616134 0.038477 0.189686
8 0.579951 0.619782 0.061973 0.179424
8 0.694844 0.625681 0.038477 0.189686
8 0.790552 0.622714 0.051660 0.185288
