1 0.506667 0.360855 0.029608 0.171088
1 0.578489 0.592060 0.034134 0.100337
20 0.442418 0.215622 0.075784 0.140052
19 0.520891 0.492630 0.050180 0.109404
1 0.439469 0.386723 0.120082 0.254637
1 0.529477 0.602720 0.066209 0.159845
20 0.125833 0.902798 0.038889 0.043782
20 0.208113 0.829249 0.032206 0.060363
20 0.280474 0.904508 0.056471 0.053057
20 0.348023 0.844832 0.037647 0.084896
9 0.137002 0.802396 0.042239 0.167124
9 0.176315 0.755311 0.046422 0.078238
9 0.186781 0.803044 0.041405 0.041114
9 0.270384 0.669456 0.072271 0.422850
9 0.330735 0.639093 0.075882 0.336891
15 0.457312 0.874275 0.053546 0.051710
15 0.493325 0.864223 0.019167 0.035389
9 0.450106 0.673536 0.102892 0.355725
9 0.538693 0.755492 0.081307 0.188601
1 0.147165 0.636865 0.086585 0.167098
1 0.196397 0.570492 0.043905 0.078912
1 0.298856 0.338562 0.162092 0.303187
19 0.280588 0.172642 0.062320 0.151192
19 0.137876 0.521865 0.052288 0.108756
