9 0.639853 0.660048 0.215098 0.168067
20 0.514330 0.338699 0.064739 0.130811
20 0.875882 0.335835 0.083039 0.142267
19 0.138260 0.433246 0.066029 0.132745
19 0.278178 0.387399 0.068644 0.128926
19 0.653913 0.339654 0.074526 0.151862
20 0.434730 0.528735 0.075899 0.113652
1 0.057974 0.471444 0.083039 0.191957
1 0.224567 0.393616 0.077794 0.246372
1 0.312173 0.363043 0.127484 0.238735
1 0.409069 0.385967 0.132712 0.177613
1 0.561732 0.443747 0.128137 0.109833
1 0.581871 0.355418 0.048382 0.148974
1 0.709820 0.328675 0.080425 0.191002
1 0.796642 0.362100 0.086944 0.173795
1 0.959395 0.322470 0.081209 0.203413
1 0.396511 0.607041 0.055572 0.241623
1 0.510572 0.540668 0.079837 0.127971
1 0.148399 0.547828 0.133366 0.138473
1 0.315114 0.533986 0.135980 0.139427
1 0.693799 0.508675 0.147761 0.220597
1 0.908440 0.546396 0.182402 0.275036
15 0.152190 0.719153 0.058856 0.142267
15 0.482949 0.723067 0.043807 0.099308
15 0.318905 0.734427 0.078464 0.067804
15 0.599322 0.733091 0.050343 0.088807
15 0.774869 0.720680 0.061471 0.083079
9 0.863456 0.658138 0.262173 0.168067
9 0.436855 0.703019 0.141225 0.187184
9 0.277002 0.685322 0.220343 0.195943
9 0.108644 0.680095 0.193529 0.156611
