22 0.840467 0.379333 0.119156 0.093956
22 0.186933 0.573689 0.236089 0.221156
22 0.544244 0.506533 0.239511 0.187911
22 0.836467 0.588467 0.230356 0.294533
22 0.179844 0.297422 0.120311 0.115733
22 0.185000 0.394244 0.100844 0.082533
22 0.529000 0.212133 0.092844 0.096267
22 0.823844 0.266467 0.131778 0.134089
20 0.202756 0.106600 0.124889 0.187956
20 0.485222 0.086556 0.110000 0.150089
20 0.846200 0.088244 0.121467 0.176489
1 0.180044 0.371422 0.359822 0.426311
1 0.846778 0.359867 0.289911 0.382756
1 0.520178 0.273933 0.209689 0.238356
12 0.215356 0.713733 0.283067 0.572533
12 0.556289 0.694244 0.279600 0.611511
12 0.836467 0.710511 0.239511 0.577556
