22 0.826422 0.388062 0.067891 0.133236
2 0.824797 0.309535 0.081109 0.275931
1 0.483270 0.328187 0.233664 0.327542
12 0.836996 0.716507 0.142570 0.542569
20 0.832070 0.097222 0.085859 0.174639
22 0.830633 0.252479 0.073859 0.135292
20 0.520344 0.093785 0.059563 0.134764
20 0.065516 0.168042 0.104422 0.209028
12 0.527348 0.699681 0.211633 0.568306
12 0.149613 0.729347 0.299227 0.541306
22 0.178063 0.538361 0.136906 0.155389
22 0.524090 0.587222 0.148180 0.084361
22 0.522973 0.345694 0.089523 0.094694
22 0.529238 0.244229 0.083258 0.116181
22 0.846301 0.577764 0.077586 0.187667
