22 0.115042 0.212532 0.103454 0.043769
22 0.110602 0.339458 0.140593 0.114065
22 0.108616 0.524153 0.208231 0.228787
22 0.359620 0.241977 0.031167 0.019898
12 0.875046 0.726991 0.181519 0.546019
12 0.601394 0.698940 0.195269 0.563991
12 0.372431 0.712023 0.248898 0.562565
12 0.125204 0.689583 0.242556 0.580611
22 0.865009 0.616532 0.158519 0.091676
22 0.873903 0.380250 0.148546 0.122685
22 0.871583 0.245954 0.157167 0.143241
22 0.616931 0.528130 0.212880 0.190333
22 0.621903 0.358028 0.160491 0.122019
22 0.624884 0.231366 0.142583 0.139269
22 0.388139 0.554986 0.118704 0.152528
22 0.367912 0.358028 0.155176 0.122019
0 0.126259 0.269977 0.230148 0.255935
2 0.375977 0.296236 0.189083 0.270250
2 0.626653 0.275708 0.170935 0.276935
1 0.877329 0.340167 0.244472 0.367667
