1 0.898400 0.157162 0.198350 0.206175
1 0.700612 0.157162 0.198325 0.206175
1 0.511575 0.153087 0.198350 0.206175
22 0.191887 0.207538 0.172725 0.118075
22 0.210250 0.380625 0.167000 0.140250
22 0.185938 0.608125 0.346125 0.196250
1 0.697987 0.680350 0.198325 0.206150
1 0.474062 0.677063 0.198325 0.206175
12 0.692050 0.837750 0.164500 0.177000
12 0.894950 0.839125 0.164500 0.177000
1 0.203000 0.331250 0.406000 0.435000
12 0.184250 0.635750 0.342000 0.431500
12 0.467375 0.837750 0.164500 0.177000
12 0.894950 0.317600 0.164500 0.177000
12 0.693425 0.317600 0.164500 0.177000
12 0.506000 0.312000 0.164500 0.177000
1 0.900238 0.677063 0.198325 0.206175
