2 0.870117 0.371750 0.083887 0.236788
15 0.187427 0.908794 0.071729 0.040867
20 0.859790 0.242099 0.107764 0.220476
15 0.737217 0.906330 0.071504 0.052082
15 0.628809 0.900170 0.055273 0.048768
15 0.504883 0.903951 0.053711 0.055140
20 0.614185 0.277570 0.100928 0.257264
2 0.617969 0.385302 0.094141 0.223959
9 0.668511 0.690399 0.144883 0.410365
15 0.830957 0.911636 0.071484 0.040943
9 0.865601 0.686619 0.107373 0.426933
20 0.166504 0.240323 0.094824 0.220323
2 0.162329 0.367927 0.097510 0.249533
9 0.154492 0.686024 0.088184 0.422685
20 0.479443 0.242778 0.104102 0.225404
2 0.477979 0.375701 0.103613 0.241631
9 0.461548 0.680514 0.142920 0.415013
