19 0.212230 0.201133 0.084363 0.178964
2 0.115686 0.278964 0.120915 0.273139
9 0.133971 0.522977 0.126765 0.151456
15 0.070915 0.606958 0.031373 0.149191
15 0.119281 0.615372 0.027124 0.094175
19 0.452042 0.178317 0.082516 0.167638
2 0.416912 0.359061 0.112582 0.281230
9 0.403268 0.656796 0.121569 0.389968
15 0.449918 0.868932 0.033824 0.072492
15 0.366585 0.858900 0.042320 0.102265
19 0.589216 0.177670 0.071895 0.164401
2 0.626389 0.329612 0.082516 0.232686
9 0.644363 0.688673 0.130229 0.371521
15 0.593219 0.887217 0.057026 0.070874
15 0.700245 0.883010 0.031536 0.105178
15 0.858497 0.891909 0.071242 0.073786
15 0.934641 0.836408 0.036601 0.121359
9 0.881944 0.688511 0.108660 0.381553
2 0.868873 0.353722 0.076307 0.309385
19 0.843954 0.153722 0.068627 0.136570
