20 0.208088 0.306915 0.104412 0.237766
2 0.191585 0.417420 0.095588 0.205053
8 0.222549 0.566090 0.093137 0.163032
15 0.226062 0.857580 0.074673 0.118351
15 0.193505 0.855452 0.046160 0.103457
20 0.377451 0.170346 0.133333 0.189628
2 0.372549 0.322473 0.076144 0.190160
8 0.378186 0.471941 0.089379 0.169415
15 0.447059 0.585691 0.082026 0.092979
15 0.400000 0.857713 0.072549 0.097872
15 0.546324 0.663298 0.045261 0.146809
15 0.614542 0.851463 0.072222 0.100266
8 0.602533 0.480319 0.094935 0.170213
2 0.593056 0.325931 0.085458 0.187500
20 0.539624 0.206915 0.150817 0.191489
20 0.817647 0.416888 0.115359 0.212500
2 0.786928 0.545612 0.102288 0.200266
8 0.800000 0.708777 0.111111 0.147340
15 0.828105 0.851729 0.047386 0.090160
15 0.757108 0.846011 0.055719 0.101596
