19 0.173682 0.360199 0.090820 0.147065
2 0.161621 0.606567 0.082031 0.390846
15 0.124731 0.854876 0.085107 0.102189
19 0.425854 0.202985 0.056104 0.131343
2 0.415723 0.400398 0.073145 0.278607
9 0.400830 0.707413 0.099902 0.350348
15 0.358130 0.900249 0.040479 0.072139
15 0.439136 0.894179 0.029541 0.071741
19 0.611182 0.200597 0.062793 0.131144
15 0.612305 0.896965 0.050098 0.067363
15 0.701895 0.875871 0.067852 0.067960
19 0.853076 0.194229 0.057324 0.120995
2 0.858276 0.386468 0.085693 0.268657
9 0.839014 0.682836 0.087402 0.347562
15 0.834058 0.876617 0.051221 0.081791
15 0.868115 0.883383 0.026855 0.085771
