2 0.302451 0.569363 0.124510 0.327941
20 0.312500 0.326961 0.065850 0.148529
13 0.300899 0.823284 0.168137 0.278922
13 0.181618 0.658824 0.084477 0.139216
2 0.182516 0.519730 0.067647 0.137010
20 0.184804 0.403676 0.035294 0.063725
20 0.719853 0.378186 0.053105 0.093137
2 0.723039 0.558456 0.090196 0.232598
13 0.721405 0.701961 0.181373 0.161765
13 0.593137 0.627941 0.078105 0.126471
2 0.602451 0.516667 0.050980 0.134314
20 0.607435 0.415564 0.027288 0.054167
19 0.404739 0.401593 0.033987 0.067402
0 0.412663 0.515931 0.091667 0.174510
