20 0.553595 0.286642 0.048039 0.058578
20 0.400940 0.260196 0.055343 0.078725
3 0.568178 0.511703 0.161520 0.416789
3 0.722958 0.501654 0.157680 0.422672
3 0.402614 0.438272 0.162712 0.271740
15 0.696977 0.855809 0.041340 0.037402
15 0.763505 0.767549 0.052010 0.128137
15 0.614052 0.786900 0.031046 0.061348
15 0.545817 0.832635 0.042059 0.061348
15 0.451577 0.789890 0.039657 0.063848
15 0.353750 0.821029 0.059592 0.073186
9 0.408570 0.678995 0.123088 0.225343
20 0.703235 0.287377 0.056601 0.061029
