15 0.416453 0.894838 0.028198 0.071716
15 0.522612 0.868138 0.043379 0.065611
19 0.071069 0.161793 0.033545 0.144637
19 0.237075 0.157682 0.030078 0.134560
19 0.399087 0.152921 0.032969 0.122658
19 0.564365 0.154753 0.028057 0.130000
19 0.891399 0.170039 0.030366 0.150124
19 0.718162 0.153563 0.030366 0.126321
15 0.572019 0.882635 0.019761 0.067125
15 0.716982 0.886445 0.027236 0.070170
15 0.746265 0.893694 0.032295 0.074003
15 0.869778 0.890641 0.024341 0.064838
15 0.911833 0.891406 0.029888 0.070943
9 0.073984 0.698315 0.072881 0.368006
9 0.238137 0.709853 0.059692 0.342736
9 0.402288 0.700518 0.061079 0.330649
9 0.555857 0.692828 0.071147 0.335054
9 0.724521 0.709304 0.062119 0.337249
9 0.889194 0.668663 0.063857 0.414142
4 0.066011 0.363199 0.089365 0.369830
4 0.239126 0.384529 0.130723 0.353354
4 0.401516 0.370788 0.080688 0.360680
4 0.561270 0.372349 0.078086 0.346028
4 0.722532 0.386360 0.085894 0.355193
4 0.893423 0.273941 0.160508 0.427512
1 0.074973 0.370526 0.048296 0.327728
1 0.238201 0.378485 0.034419 0.333230
1 0.720476 0.381499 0.033257 0.335054
1 0.890066 0.363377 0.059868 0.266383
15 0.096038 0.897125 0.035669 0.079351
15 0.049165 0.880726 0.026270 0.067141
15 0.218347 0.889498 0.029165 0.065611
15 0.260884 0.896739 0.026992 0.070943
15 0.379939 0.868130 0.043862 0.064080
