4 0.141356 0.370857 0.141340 0.366061
4 0.465989 0.383990 0.139820 0.338210
4 0.798905 0.391867 0.136765 0.339795
15 0.066552 0.855806 0.039118 0.150128
15 0.181176 0.910831 0.083562 0.048824
15 0.412124 0.899783 0.067680 0.105448
15 0.854641 0.927634 0.082974 0.058031
15 0.521724 0.922110 0.080310 0.064476
15 0.739011 0.903235 0.069428 0.105908
9 0.460564 0.724220 0.138480 0.384859
9 0.138301 0.708760 0.126895 0.360026
20 0.801699 0.149949 0.076275 0.144041
20 0.466650 0.147161 0.078301 0.143223
20 0.140335 0.137698 0.077271 0.151202
9 0.786667 0.733772 0.143987 0.360026
