20 0.202263 0.139359 0.082402 0.144577
20 0.532320 0.139359 0.082386 0.140595
20 0.841397 0.134176 0.084297 0.139931
4 0.189714 0.346590 0.196520 0.299085
15 0.187590 0.930492 0.046029 0.052197
15 0.508570 0.937357 0.042761 0.047574
5 0.210694 0.338307 0.067239 0.112723
15 0.822802 0.935481 0.049330 0.048352
7 0.210221 0.337975 0.064395 0.112059
7 0.538856 0.334657 0.054935 0.112059
7 0.853995 0.336648 0.054461 0.114714
4 0.516225 0.344600 0.193203 0.304394
4 0.832451 0.347918 0.191307 0.301739
5 0.540368 0.335652 0.056814 0.108741
5 0.854232 0.338307 0.053987 0.107414
9 0.188864 0.671888 0.132565 0.530595
9 0.514289 0.670515 0.134199 0.531281
9 0.829739 0.669588 0.131732 0.531716
