4 0.504436 0.371554 0.213154 0.321519
9 0.157443 0.670129 0.185670 0.320864
9 0.487092 0.686472 0.183660 0.321822
9 0.812663 0.679299 0.184314 0.328505
15 0.068742 0.848505 0.069575 0.098925
15 0.249461 0.863131 0.078725 0.077710
15 0.396348 0.863750 0.067631 0.103621
15 0.577541 0.877068 0.079232 0.077360
15 0.718995 0.858283 0.067631 0.103902
15 0.906446 0.874848 0.079232 0.071846
4 0.168513 0.360724 0.167516 0.324673
4 0.830016 0.365584 0.183105 0.319112
20 0.161062 0.144743 0.096275 0.136869
20 0.510286 0.161472 0.095735 0.130514
20 0.824453 0.159474 0.098513 0.134509
