4 0.804297 0.369944 0.186373 0.350490
15 0.152435 0.843296 0.031830 0.097862
15 0.173971 0.914889 0.036046 0.041448
15 0.442157 0.863842 0.032941 0.081359
15 0.479469 0.928697 0.036618 0.042205
15 0.801716 0.918530 0.035752 0.041826
15 0.841699 0.856169 0.028431 0.066771
9 0.163864 0.702862 0.149395 0.374811
9 0.472165 0.709232 0.154134 0.376414
9 0.802737 0.703898 0.149461 0.373229
4 0.161904 0.363920 0.186356 0.341871
4 0.473260 0.366125 0.185670 0.354298
20 0.166176 0.141392 0.088791 0.128753
20 0.467900 0.142550 0.093252 0.136503
20 0.803007 0.148085 0.087974 0.122138
