4 0.177835 0.361742 0.199199 0.337417
15 0.706520 0.865237 0.057810 0.110521
15 0.571078 0.881114 0.077810 0.092559
15 0.402778 0.865462 0.060033 0.110071
15 0.240825 0.862512 0.078742 0.092559
15 0.072525 0.854277 0.070114 0.100024
20 0.163292 0.140320 0.096944 0.138602
20 0.494551 0.157121 0.097173 0.141493
20 0.813505 0.168993 0.097925 0.134289
15 0.885302 0.880664 0.079395 0.092559
4 0.501863 0.374882 0.215098 0.342986
9 0.807672 0.687073 0.184363 0.297607
4 0.818758 0.386422 0.199183 0.329479
9 0.156985 0.670166 0.184918 0.296730
9 0.491054 0.685486 0.177794 0.307180
