15 0.167574 0.912327 0.049984 0.060780
15 0.491797 0.914900 0.046667 0.068151
15 0.761430 0.905913 0.040539 0.068619
15 0.899967 0.899922 0.075686 0.065857
9 0.159101 0.695301 0.128922 0.380089
9 0.468431 0.696258 0.108595 0.376258
9 0.789510 0.698664 0.218595 0.372383
4 0.143203 0.367739 0.167451 0.344744
4 0.470874 0.369666 0.156944 0.341871
4 0.759526 0.371570 0.162549 0.345679
20 0.155833 0.140568 0.090817 0.128218
20 0.478856 0.145200 0.090817 0.131514
20 0.759828 0.145757 0.094069 0.131514
