15 0.181373 0.882238 0.040719 0.075225
15 0.513456 0.892409 0.040703 0.063319
15 0.489534 0.837452 0.035735 0.075974
15 0.829224 0.900396 0.043676 0.062677
20 0.480090 0.150011 0.082990 0.133298
9 0.175547 0.707537 0.135408 0.335032
9 0.510752 0.711906 0.129346 0.340600
9 0.831740 0.722420 0.128742 0.342998
4 0.166160 0.388415 0.193170 0.341413
4 0.490106 0.392398 0.198578 0.347752
15 0.811830 0.835514 0.030752 0.081221
20 0.820041 0.150075 0.080964 0.141263
20 0.160523 0.149679 0.084510 0.133961
4 0.814126 0.392548 0.204036 0.340600
15 0.143562 0.824775 0.044706 0.108308
