15 0.884477 0.857131 0.037941 0.043120
15 0.088521 0.907465 0.083644 0.075153
15 0.106193 0.855808 0.039869 0.051393
15 0.237745 0.865418 0.033399 0.038691
15 0.253636 0.907967 0.083317 0.064123
15 0.394967 0.906309 0.085915 0.066323
15 0.379567 0.860167 0.035016 0.046964
15 0.544093 0.894708 0.032108 0.074039
15 0.647181 0.891671 0.070343 0.070195
15 0.746054 0.894986 0.083971 0.074596
15 0.764534 0.844972 0.039232 0.050836
15 0.899551 0.902994 0.083644 0.056351
9 0.083039 0.715515 0.068366 0.330418
9 0.258840 0.714944 0.080654 0.356184
9 0.400564 0.703496 0.080670 0.367660
9 0.575065 0.658134 0.138366 0.404903
9 0.738913 0.706825 0.062729 0.339944
9 0.904722 0.695376 0.082908 0.372423
4 0.096969 0.367437 0.110180 0.382006
4 0.250768 0.362270 0.098464 0.381198
4 0.388235 0.353900 0.110131 0.366072
4 0.544412 0.363064 0.175980 0.377994
4 0.752843 0.352312 0.109248 0.386741
4 0.891495 0.347939 0.107369 0.366852
19 0.087631 0.129485 0.059739 0.127326
19 0.258913 0.121407 0.075866 0.114067
19 0.407418 0.124318 0.061503 0.121337
19 0.542386 0.115376 0.072353 0.116713
19 0.739248 0.110070 0.074739 0.119359
19 0.915662 0.110070 0.076683 0.112730
