15 0.778750 0.890175 0.039559 0.042456
20 0.183064 0.124726 0.088350 0.134496
20 0.784608 0.136360 0.093922 0.123202
4 0.177312 0.348838 0.189984 0.349518
4 0.506038 0.355044 0.187141 0.331360
4 0.793145 0.354090 0.182141 0.339013
9 0.184428 0.684890 0.143725 0.372412
9 0.498570 0.695022 0.150833 0.386754
9 0.789208 0.684507 0.137271 0.371469
15 0.161618 0.892171 0.041176 0.042588
15 0.198913 0.911206 0.038317 0.044123
15 0.476144 0.892610 0.032320 0.033816
15 0.516176 0.901425 0.034608 0.041447
15 0.826797 0.891853 0.060523 0.046382
