20 0.592173 0.501507 0.081176 0.123358
5 0.583415 0.655490 0.101863 0.162353
2 0.583415 0.654289 0.103987 0.159951
2 0.769902 0.645931 0.084346 0.197353
2 0.084191 0.656679 0.125212 0.174289
0 0.177925 0.490429 0.080850 0.107083
0 0.370482 0.551299 0.050147 0.104755
0 0.460662 0.548419 0.069853 0.126642
0 0.872132 0.697586 0.148546 0.305564
8 0.753840 0.777537 0.075523 0.096691
8 0.857492 0.906728 0.121225 0.186544
9 0.180735 0.636458 0.056275 0.193407
9 0.464551 0.667010 0.052696 0.121667
9 0.367843 0.653775 0.050654 0.114363
9 0.577582 0.871507 0.122026 0.256985
12 0.103105 0.865944 0.206209 0.268113
20 0.378971 0.480723 0.029477 0.041887
