0 0.871594 0.362862 0.256813 0.294126
15 0.503195 0.920950 0.075442 0.042001
15 0.238952 0.693694 0.166384 0.042216
15 0.172054 0.668365 0.110536 0.042216
9 0.468563 0.630345 0.300840 0.508802
9 0.233829 0.559757 0.176172 0.249148
4 0.141323 0.313714 0.282535 0.320972
19 0.116327 0.128201 0.127241 0.097097
19 0.276892 0.154643 0.092689 0.077522
20 0.452210 0.104429 0.172440 0.139818
5 0.462989 0.259997 0.222182 0.223266
1 0.471571 0.329152 0.456992 0.360974
9 0.887280 0.742882 0.225439 0.514236
