15 0.479060 0.921409 0.038382 0.077917
15 0.516879 0.874350 0.033007 0.077525
15 0.581732 0.906213 0.037876 0.080613
15 0.611021 0.858272 0.033513 0.082966
15 0.704028 0.928284 0.033252 0.049510
15 0.721732 0.867488 0.026340 0.066789
9 0.487353 0.655968 0.115359 0.414828
8 0.589828 0.562782 0.093284 0.064975
11 0.714730 0.569081 0.159167 0.182377
6 0.486160 0.388358 0.152092 0.161814
2 0.594910 0.425772 0.102565 0.249338
7 0.696160 0.423125 0.079575 0.108750
20 0.506046 0.197966 0.075163 0.129314
20 0.597786 0.233125 0.057042 0.134632
20 0.703235 0.233456 0.059248 0.108775
