9 0.461397 0.683750 0.094428 0.339804
8 0.368783 0.611201 0.092108 0.068529
11 0.567541 0.608272 0.119722 0.150319
2 0.366928 0.496900 0.083268 0.229338
6 0.463276 0.461262 0.123415 0.124877
7 0.557778 0.495809 0.075882 0.098922
20 0.373930 0.321066 0.049363 0.116054
20 0.463088 0.297953 0.055261 0.100025
15 0.382092 0.910086 0.032745 0.070613
20 0.569199 0.342708 0.064118 0.097819
15 0.405621 0.902439 0.035359 0.079583
15 0.448227 0.909706 0.030441 0.074461
15 0.468456 0.916005 0.019624 0.062549
15 0.576209 0.909657 0.026863 0.060637
15 0.600515 0.910245 0.027402 0.056422
