19 0.709853 0.139020 0.063170 0.108235
15 0.218382 0.879436 0.052026 0.073971
15 0.305547 0.881250 0.037271 0.075735
15 0.361642 0.890576 0.047794 0.060025
15 0.499281 0.875441 0.045948 0.086373
15 0.417206 0.894387 0.038137 0.057794
15 0.595016 0.873321 0.047876 0.092083
0 0.709395 0.343456 0.159641 0.287108
0 0.553023 0.370123 0.148203 0.313186
0 0.409886 0.445123 0.134150 0.259755
0 0.260874 0.511471 0.119428 0.267696
15 0.751095 0.889681 0.043562 0.064755
15 0.672092 0.884804 0.047876 0.070588
8 0.265703 0.695956 0.100654 0.121765
8 0.406054 0.636275 0.110114 0.174020
8 0.546242 0.605637 0.135621 0.176961
8 0.707958 0.593064 0.135621 0.241324
19 0.260335 0.340172 0.058154 0.093922
19 0.408211 0.264375 0.063154 0.091495
19 0.553292 0.161679 0.063154 0.091495
