15 0.031860 0.836752 0.028174 0.081359
15 0.087424 0.837257 0.028179 0.076858
15 0.134993 0.843398 0.028179 0.064576
15 0.194995 0.843385 0.032959 0.072332
15 0.242356 0.833946 0.028179 0.073504
15 0.296685 0.831147 0.028604 0.072369
15 0.359980 0.828392 0.042148 0.076883
15 0.386589 0.790474 0.046060 0.065736
15 0.470171 0.832849 0.049521 0.074676
15 0.531707 0.825561 0.027700 0.069077
15 0.593687 0.827276 0.033818 0.071259
15 0.735525 0.845069 0.033833 0.075698
15 0.764985 0.807195 0.048252 0.066758
15 0.819749 0.831708 0.027300 0.066758
15 0.881519 0.832276 0.032080 0.070112
15 0.932971 0.834726 0.046948 0.070948
0 0.268813 0.367700 0.084053 0.246646
0 0.562786 0.362319 0.104995 0.254414
0 0.452166 0.358429 0.077476 0.254414
0 0.363123 0.364002 0.070923 0.254414
0 0.846997 0.369782 0.088232 0.247718
0 0.945190 0.365087 0.056299 0.253117
0 0.742524 0.369127 0.063096 0.253117
0 0.666321 0.369146 0.055786 0.255748
8 0.455469 0.561465 0.057617 0.161608
15 0.975605 0.811933 0.034824 0.068653
8 0.057891 0.561502 0.068955 0.157170
8 0.160874 0.577650 0.067217 0.154925
8 0.268447 0.560393 0.067656 0.160511
8 0.371438 0.552045 0.055854 0.167232
8 0.562605 0.560387 0.067661 0.156035
8 0.666252 0.567082 0.048452 0.166085
8 0.747866 0.571004 0.054561 0.155000
8 0.848247 0.571527 0.066787 0.144975
8 0.947537 0.572637 0.053267 0.159464
19 0.058328 0.203504 0.031216 0.088229
19 0.266353 0.196671 0.032412 0.082868
19 0.368787 0.187032 0.032417 0.082868
19 0.741567 0.205599 0.032412 0.082868
19 0.943406 0.207968 0.030571 0.086060
0 0.058562 0.367219 0.085513 0.243416
0 0.158674 0.387400 0.081870 0.258865
