20 0.275815 0.207850 0.028350 0.106476
15 0.750991 0.881197 0.025654 0.093388
15 0.068320 0.873803 0.046260 0.111878
15 0.152676 0.864571 0.042793 0.086367
15 0.386379 0.879150 0.042378 0.107007
15 0.469302 0.846952 0.041963 0.087592
15 0.280747 0.885252 0.024053 0.091265
15 0.259802 0.838435 0.026245 0.115510
15 0.552859 0.890694 0.047222 0.102150
15 0.618997 0.839034 0.044146 0.100925
15 0.869495 0.880347 0.048950 0.089918
8 0.117900 0.516027 0.052373 0.153224
8 0.276270 0.496401 0.065430 0.150327
8 0.427876 0.509524 0.062295 0.159184
8 0.588667 0.498551 0.046592 0.154735
8 0.745239 0.496395 0.063330 0.154748
8 0.906819 0.505150 0.054429 0.154735
5 0.278157 0.365000 0.096890 0.202844
5 0.594233 0.371558 0.081162 0.194027
5 0.907915 0.365626 0.059170 0.212966
20 0.130549 0.218844 0.022183 0.092218
20 0.581509 0.206810 0.020342 0.106463
20 0.901555 0.210864 0.026157 0.106463
15 0.735952 0.821395 0.021709 0.079932
