1 0.496078 0.329981 0.231373 0.235590
20 0.294199 0.164410 0.097222 0.163250
20 0.461765 0.200484 0.146405 0.194004
20 0.686846 0.174371 0.118137 0.210638
15 0.201389 0.852611 0.070752 0.128046
15 0.326356 0.813926 0.052059 0.100967
15 0.638562 0.828917 0.063399 0.096518
15 0.729984 0.852515 0.044281 0.099613
17 0.444624 0.798453 0.051993 0.101354
17 0.509804 0.799130 0.056863 0.086460
11 0.314542 0.496905 0.137908 0.152031
11 0.475441 0.481625 0.168725 0.113733
11 0.671242 0.528694 0.195752 0.093482
0 0.282435 0.324081 0.161928 0.264410
0 0.683905 0.367698 0.178268 0.297485
