11 0.507026 0.540698 0.138889 0.072868
15 0.849837 0.884496 0.055556 0.146124
4 0.171324 0.351647 0.189379 0.334690
4 0.512582 0.354942 0.191176 0.329264
4 0.813725 0.348643 0.185948 0.331783
15 0.195588 0.887403 0.054575 0.148062
15 0.168301 0.853391 0.037582 0.105620
11 0.821324 0.537132 0.137092 0.067209
15 0.535049 0.890504 0.058007 0.150000
15 0.498284 0.835562 0.037745 0.119961
20 0.161193 0.144961 0.106699 0.148450
20 0.498366 0.146802 0.107516 0.149031
20 0.816176 0.153207 0.103268 0.164167
11 0.169935 0.539535 0.141830 0.065504
15 0.801797 0.840116 0.042484 0.136822
