7 0.204085 0.347260 0.084967 0.104840
11 0.786683 0.540663 0.157680 0.228256
11 0.489444 0.536241 0.142614 0.214988
15 0.804003 0.894595 0.026961 0.099754
11 0.205719 0.522236 0.152614 0.218919
15 0.777402 0.893464 0.028660 0.107322
7 0.784477 0.373084 0.083987 0.077862
20 0.206781 0.220393 0.110948 0.210811
20 0.469526 0.223833 0.085131 0.232432
20 0.785899 0.222727 0.107418 0.246929
15 0.192851 0.879730 0.028840 0.102457
15 0.217729 0.876413 0.026307 0.100737
15 0.494281 0.884152 0.071569 0.097543
7 0.497141 0.353870 0.074020 0.118059
