20 0.780964 0.129176 0.080882 0.148235
15 0.920180 0.867400 0.095261 0.132918
15 0.787827 0.869176 0.049837 0.143059
15 0.408905 0.881882 0.038725 0.143529
2 0.789052 0.277529 0.100654 0.178588
11 0.463971 0.452353 0.131536 0.197882
20 0.178676 0.143412 0.073039 0.146118
11 0.189542 0.454941 0.111111 0.200706
2 0.173775 0.294318 0.100490 0.173106
2 0.463644 0.278588 0.102451 0.179294
15 0.199673 0.862118 0.039869 0.138824
15 0.078758 0.866471 0.086928 0.125412
20 0.465114 0.125647 0.085131 0.140706
11 0.780882 0.450588 0.115686 0.201882
15 0.556944 0.873059 0.052451 0.138588
