20 0.759314 0.214039 0.093791 0.302376
1 0.798693 0.352376 0.161111 0.314687
1 0.476471 0.353024 0.184641 0.315119
1 0.193382 0.337149 0.185458 0.311015
15 0.878023 0.879590 0.091013 0.129374
15 0.799183 0.891145 0.087908 0.126998
15 0.540686 0.888553 0.081373 0.133477
15 0.480964 0.899028 0.071405 0.120734
15 0.185989 0.885097 0.084232 0.126998
15 0.162745 0.871814 0.071242 0.130238
11 0.800327 0.544384 0.105882 0.072354
11 0.470752 0.538078 0.117647 0.078056
11 0.196650 0.525270 0.110294 0.082505
20 0.445507 0.141793 0.087418 0.143197
20 0.235866 0.203780 0.096569 0.295248
