1 0.491993 0.435463 0.166993 0.332037
1 0.149428 0.372037 0.228268 0.361852
20 0.854575 0.140463 0.117647 0.130926
20 0.482435 0.231481 0.093627 0.122222
17 0.886111 0.884630 0.118301 0.065926
17 0.780719 0.875806 0.106536 0.080241
17 0.575817 0.901630 0.100654 0.064148
17 0.386356 0.855093 0.062908 0.093148
17 0.155964 0.909000 0.051471 0.080148
11 0.833170 0.566472 0.180065 0.141870
11 0.487663 0.596130 0.103105 0.156259
11 0.159804 0.567991 0.163725 0.156981
20 0.145507 0.138657 0.084477 0.133241
1 0.834559 0.355926 0.198856 0.349259
