11 0.593627 0.582362 0.089216 0.103236
20 0.904085 0.138188 0.069935 0.123625
1 0.075490 0.364239 0.096732 0.347249
1 0.235539 0.374595 0.106699 0.369903
1 0.409477 0.375243 0.128758 0.369256
1 0.591176 0.362621 0.128105 0.345307
1 0.753922 0.374919 0.109150 0.358252
1 0.916422 0.366828 0.094608 0.342071
11 0.084069 0.588026 0.067810 0.108738
11 0.240523 0.598544 0.077124 0.083819
11 0.412500 0.600485 0.089379 0.085113
20 0.744199 0.139968 0.067484 0.129126
11 0.754248 0.597735 0.076471 0.093204
11 0.913644 0.585922 0.061928 0.112298
20 0.589788 0.132686 0.049183 0.111327
20 0.406209 0.136084 0.051307 0.129126
20 0.235376 0.136731 0.050490 0.127832
20 0.083497 0.135599 0.069608 0.125566
