1 0.195327 0.339705 0.131732 0.329336
1 0.543848 0.338183 0.141487 0.328137
11 0.831127 0.525535 0.134412 0.103247
1 0.842647 0.331827 0.166013 0.333764
11 0.534812 0.534133 0.140408 0.084797
11 0.187876 0.539050 0.139869 0.083561
15 0.909232 0.852491 0.075000 0.135978
15 0.588660 0.859041 0.084444 0.144280
15 0.226961 0.873718 0.089869 0.140018
15 0.810989 0.890351 0.095343 0.153395
15 0.442353 0.889262 0.105163 0.134945
15 0.098505 0.896993 0.107761 0.134945
20 0.849837 0.116227 0.107745 0.142380
20 0.550286 0.199899 0.137925 0.288469
20 0.202345 0.202998 0.134788 0.287583
