17 0.258040 0.935784 0.130151 0.128431
20 0.161055 0.338644 0.207538 0.242320
20 0.354774 0.297222 0.196482 0.150654
20 0.500628 0.269314 0.112312 0.099739
20 0.610427 0.305065 0.237940 0.164379
11 0.195980 0.540605 0.217085 0.151471
5 0.188442 0.395752 0.132161 0.120915
2 0.188744 0.396340 0.132161 0.120915
17 0.167211 0.840441 0.101759 0.038072
17 0.219196 0.818137 0.110251 0.046732
15 0.546985 0.847059 0.075879 0.136275
15 0.758040 0.884232 0.150754 0.153431
11 0.400879 0.627598 0.273116 0.129444
11 0.628266 0.602149 0.255025 0.125768
2 0.639950 0.423448 0.191457 0.166503
2 0.369724 0.450572 0.222864 0.186765
