15 0.726585 0.876304 0.057712 0.093993
15 0.893881 0.877640 0.056650 0.091320
12 0.085686 0.578564 0.111405 0.481221
12 0.253358 0.586353 0.126846 0.483465
12 0.417484 0.572327 0.134020 0.480099
12 0.734820 0.572987 0.121340 0.461155
12 0.577696 0.592376 0.134575 0.466733
2 0.410074 0.271386 0.122239 0.141122
2 0.245074 0.278812 0.097435 0.146667
2 0.071765 0.271667 0.064804 0.144785
12 0.908325 0.573993 0.119690 0.474521
2 0.722533 0.272739 0.089575 0.148515
2 0.893170 0.274224 0.071993 0.134587
20 0.086013 0.117261 0.070458 0.122244
20 0.244420 0.126221 0.049036 0.119901
20 0.411405 0.120446 0.047484 0.125314
20 0.709379 0.125842 0.078137 0.120660
20 0.869469 0.126617 0.085016 0.120693
2 0.567255 0.287178 0.120425 0.150396
15 0.076438 0.883482 0.055915 0.093630
15 0.249779 0.878779 0.055147 0.112937
15 0.404510 0.864059 0.024510 0.105215
15 0.434199 0.866782 0.027190 0.105974
15 0.547132 0.888597 0.024722 0.095083
15 0.584820 0.889736 0.024739 0.102574
