13 0.519248 0.727782 0.081993 0.439044
13 0.670000 0.575833 0.075490 0.260588
13 0.399861 0.498407 0.052239 0.244363
13 0.295956 0.570172 0.060049 0.308676
13 0.111111 0.691360 0.073203 0.290319
0 0.113856 0.428199 0.091895 0.252426
5 0.295907 0.335870 0.046748 0.087574
5 0.399902 0.322623 0.047908 0.084167
5 0.529183 0.416630 0.079869 0.150074
5 0.673235 0.378738 0.073137 0.133701
20 0.522590 0.257390 0.068873 0.098946
20 0.111650 0.263983 0.054477 0.108799
20 0.299755 0.253272 0.039052 0.070907
20 0.403154 0.238493 0.036830 0.057819
