20 0.425735 0.265735 0.068791 0.110686
20 0.276152 0.226912 0.066650 0.108922
5 0.630359 0.342426 0.081993 0.125441
5 0.280523 0.339939 0.081993 0.123750
13 0.285458 0.623775 0.142484 0.354902
13 0.630376 0.641078 0.130425 0.389412
15 0.694199 0.858113 0.062255 0.071029
15 0.584167 0.842463 0.055588 0.079289
15 0.519265 0.804412 0.073170 0.059314
15 0.459297 0.917463 0.043497 0.093995
15 0.348194 0.825870 0.061127 0.065907
15 0.241471 0.832537 0.050065 0.072672
13 0.504363 0.511507 0.212974 0.645123
