0 0.603916 0.675315 0.247168 0.283304
15 0.808765 0.582637 0.063232 0.082344
9 0.807251 0.419121 0.167139 0.249963
0 0.813428 0.206264 0.167773 0.211941
21 0.255264 0.599623 0.060410 0.222161
21 0.556045 0.671469 0.054365 0.270571
21 0.796624 0.226963 0.035913 0.157502
21 0.589343 0.426923 0.041987 0.209451
20 0.546064 0.482744 0.082139 0.149766
0 0.605110 0.410179 0.171938 0.234762
9 0.185110 0.853971 0.157212 0.292059
0 0.248413 0.608136 0.122432 0.240725
20 0.251611 0.449861 0.065527 0.124630
20 0.578027 0.284359 0.083984 0.181026
20 0.787183 0.064249 0.062646 0.107253
15 0.748169 0.573993 0.059424 0.076777
