21 0.327046 0.636319 0.076377 0.321502
0 0.942742 0.645216 0.114517 0.247033
0 0.836716 0.694015 0.138345 0.233436
0 0.110642 0.774190 0.187231 0.451619
19 0.468806 0.484857 0.081958 0.140000
19 0.194048 0.452293 0.104756 0.187678
20 0.939790 0.470352 0.073916 0.108220
20 0.808569 0.519286 0.083643 0.128564
21 0.951633 0.611736 0.066606 0.189275
21 0.825447 0.696886 0.064829 0.249788
21 0.743713 0.856436 0.068511 0.282396
21 0.561719 0.668703 0.059668 0.264161
21 0.443298 0.686110 0.047515 0.229348
21 0.167925 0.717491 0.063652 0.351744
0 0.737061 0.834212 0.198047 0.247326
19 0.737085 0.685678 0.089209 0.180586
0 0.327661 0.735824 0.255615 0.517070
19 0.325488 0.394066 0.093750 0.145348
0 0.557202 0.760073 0.174658 0.418022
19 0.563257 0.455861 0.078564 0.152308
