0 0.146311 0.288158 0.200229 0.236081
19 0.203330 0.407029 0.105342 0.184022
19 0.571899 0.431832 0.095752 0.170769
21 0.573506 0.672128 0.072490 0.295773
21 0.217915 0.588568 0.103867 0.181707
0 0.214070 0.619608 0.299146 0.220593
21 0.185464 0.270527 0.053408 0.167443
15 0.528149 0.954945 0.142529 0.090110
1 0.583691 0.670513 0.271875 0.290183
19 0.607007 0.160949 0.055127 0.092300
21 0.609849 0.290055 0.034990 0.120652
19 0.378931 0.210183 0.067432 0.135824
21 0.366902 0.333806 0.044507 0.161179
19 0.219351 0.159168 0.090244 0.135949
0 0.336372 0.336238 0.140117 0.174410
0 0.601353 0.290147 0.111387 0.183033
9 0.586997 0.845645 0.317734 0.308711
