0 0.854741 0.370839 0.196777 0.227597
0 0.633618 0.430407 0.175029 0.269912
0 0.496338 0.464271 0.200107 0.320864
0 0.325320 0.490403 0.210786 0.364410
15 0.796289 0.701685 0.117871 0.090549
19 0.626685 0.235238 0.083545 0.171868
18 0.524946 0.283418 0.009541 0.012916
19 0.493628 0.236300 0.089209 0.162271
19 0.390283 0.245604 0.100977 0.210916
9 0.547739 0.787315 0.274961 0.425370
9 0.367336 0.814531 0.294819 0.370938
0 0.732803 0.401956 0.173975 0.234755
0 0.128040 0.588095 0.256079 0.543370
19 0.857871 0.247095 0.090166 0.163143
19 0.731477 0.202612 0.087515 0.146425
19 0.175881 0.301128 0.161665 0.248293
21 0.847769 0.393824 0.061514 0.191766
21 0.735205 0.393212 0.055986 0.240388
21 0.169250 0.532465 0.109790 0.293648
21 0.622180 0.420623 0.059263 0.224923
21 0.494688 0.445147 0.061895 0.273590
21 0.369080 0.447095 0.072935 0.298425
