15 0.336206 0.827753 0.026611 0.033771
15 0.533328 0.809409 0.023315 0.040160
15 0.958972 0.852217 0.033657 0.046346
15 0.886824 0.838618 0.053022 0.043538
15 0.681252 0.814577 0.030649 0.033428
15 0.752102 0.816291 0.029146 0.050554
15 0.719514 0.803202 0.032339 0.047746
15 0.790354 0.815168 0.045522 0.035952
15 0.816350 0.829325 0.051519 0.040445
15 0.566821 0.826149 0.031201 0.033479
19 0.182373 0.354654 0.040527 0.074354
19 0.376489 0.384099 0.047119 0.087090
19 0.599487 0.381182 0.038623 0.082422
9 0.168481 0.668964 0.088037 0.228373
9 0.354346 0.701678 0.078711 0.249161
9 0.597534 0.713931 0.080322 0.215609
9 0.926992 0.722221 0.099102 0.244136
9 0.815579 0.712954 0.069858 0.218891
9 0.728989 0.698877 0.074082 0.217929
9 0.661047 0.686065 0.059136 0.228118
9 0.541152 0.692619 0.040938 0.198512
9 0.489167 0.685580 0.067583 0.234909
9 0.271472 0.678786 0.083179 0.202881
9 0.080195 0.692181 0.081230 0.219869
3 0.085720 0.491729 0.114370 0.221809
21 0.105559 0.479063 0.011733 0.069096
21 0.180693 0.455693 0.030010 0.092319
21 0.262600 0.449103 0.035425 0.106171
21 0.370454 0.480970 0.030459 0.128111
21 0.486997 0.516375 0.020762 0.099096
21 0.554236 0.479796 0.028882 0.114953
21 0.654304 0.460915 0.029106 0.116317
21 0.919990 0.471379 0.030234 0.131116
21 0.803789 0.469019 0.037002 0.129767
21 0.722559 0.456988 0.034521 0.111904
19 0.912856 0.351167 0.048740 0.057272
19 0.804465 0.374949 0.043276 0.082706
19 0.723018 0.363476 0.041719 0.074551
19 0.655330 0.366214 0.039771 0.075711
19 0.550837 0.386309 0.038989 0.077462
19 0.260403 0.370759 0.039771 0.072808
19 0.107717 0.358352 0.045620 0.079796
15 0.624502 0.829030 0.026289 0.030489
0 0.176880 0.484573 0.090479 0.197593
0 0.354148 0.504194 0.125200 0.172356
0 0.603394 0.513129 0.097607 0.198687
15 0.364395 0.829322 0.027949 0.032531
15 0.482456 0.817411 0.028789 0.036513
15 0.194558 0.792414 0.043989 0.043618
15 0.133374 0.802443 0.024854 0.043253
20 0.490786 0.409362 0.034521 0.073136
3 0.480679 0.511926 0.076494 0.147629
0 0.929265 0.490018 0.119946 0.232567
0 0.818796 0.512469 0.090435 0.206280
0 0.734080 0.500416 0.092681 0.196616
1 0.662581 0.492294 0.074458 0.177513
21 0.599646 0.484263 0.026509 0.094654
0 0.548464 0.513034 0.075708 0.176193
0 0.264163 0.492166 0.106245 0.177155
15 0.305791 0.790029 0.040615 0.047469
15 0.256924 0.789887 0.030840 0.048308
