19 0.565847 0.308480 0.067935 0.120857
19 0.168467 0.251062 0.069873 0.115516
0 0.156204 0.454524 0.140913 0.320916
0 0.287998 0.506363 0.122666 0.306938
15 0.605803 0.805114 0.036616 0.058315
15 0.713748 0.978615 0.070093 0.042769
19 0.372300 0.183161 0.064053 0.131538
9 0.921892 0.842429 0.150103 0.253062
21 0.567883 0.469473 0.047876 0.208220
21 0.454338 0.489374 0.055640 0.199480
21 0.377510 0.339883 0.048848 0.188806
21 0.730247 0.439916 0.061138 0.191714
21 0.893804 0.510733 0.051436 0.177158
19 0.732349 0.290425 0.071816 0.133480
19 0.300969 0.319062 0.059849 0.085905
21 0.280623 0.440114 0.081519 0.164051
21 0.158340 0.424579 0.043994 0.167941
21 0.083098 0.466853 0.073110 0.200945
0 0.440820 0.560476 0.176660 0.311575
0 0.582324 0.511315 0.141689 0.288886
0 0.735391 0.501410 0.192930 0.323832
0 0.912046 0.553538 0.175908 0.361685
9 0.742183 0.819839 0.127637 0.360322
9 0.601074 0.794081 0.144795 0.344220
19 0.883057 0.329634 0.074023 0.141172
0 0.911938 0.553956 0.176123 0.361538
19 0.062134 0.296300 0.078857 0.133846
0 0.071851 0.537070 0.143701 0.335971
19 0.470093 0.348315 0.070361 0.125641
9 0.436816 0.808864 0.301270 0.289524
15 0.291736 0.961502 0.067407 0.074505
15 0.580176 0.956813 0.058203 0.066447
9 0.068726 0.830073 0.114600 0.339853
9 0.255574 0.771355 0.142544 0.315355
9 0.155098 0.752150 0.072168 0.296901
15 0.427590 0.875524 0.057417 0.077656
