15 0.805466 0.804421 0.077964 0.081971
0 0.425276 0.376253 0.197310 0.288872
0 0.654834 0.318330 0.156465 0.165128
9 0.700581 0.660524 0.171055 0.361429
15 0.711140 0.889209 0.041743 0.059868
15 0.373867 0.903022 0.055986 0.172418
21 0.650364 0.305022 0.046655 0.137692
21 0.530852 0.691696 0.080884 0.285824
21 0.421899 0.379674 0.072490 0.279861
20 0.534253 0.526154 0.156299 0.285861
0 0.520288 0.671209 0.189600 0.259487
20 0.420068 0.226886 0.151562 0.250256
20 0.646753 0.259593 0.137451 0.320212
