21 0.700735 0.572934 0.039155 0.275377
0 0.317366 0.487769 0.119780 0.267919
9 0.149275 0.815678 0.161157 0.368645
9 0.284695 0.804733 0.136714 0.390535
9 0.704390 0.810462 0.137480 0.379077
9 0.877739 0.787132 0.130244 0.425736
20 0.344531 0.301465 0.084180 0.155897
0 0.861995 0.483403 0.143013 0.262791
0 0.570618 0.516949 0.160249 0.377414
0 0.720044 0.535238 0.164209 0.210842
20 0.691431 0.421538 0.102783 0.251722
0 0.188257 0.506813 0.188623 0.331868
20 0.204102 0.281758 0.133789 0.210549
20 0.804001 0.302949 0.091548 0.156769
21 0.205068 0.505139 0.055879 0.299832
21 0.339473 0.507234 0.053574 0.290747
21 0.578442 0.431751 0.065684 0.228542
21 0.814619 0.497802 0.041455 0.252308
19 0.559119 0.271982 0.094136 0.170366
9 0.574485 0.831161 0.110679 0.337678
