18 0.387930 0.458010 0.014365 0.021522
0 0.221497 0.659579 0.186636 0.322012
21 0.027483 0.672235 0.054966 0.248815
21 0.222258 0.645260 0.072778 0.289349
20 0.413218 0.482260 0.191143 0.309949
18 0.554036 0.487326 0.002837 0.005772
18 0.628486 0.517619 0.006445 0.008566
20 0.599414 0.495936 0.104199 0.234009
21 0.414648 0.657908 0.056914 0.299839
21 0.556982 0.700472 0.078838 0.287952
21 0.796072 0.664828 0.069976 0.244623
19 0.793096 0.468328 0.094492 0.193950
19 0.040779 0.401057 0.081558 0.184514
0 0.071418 0.689290 0.142837 0.433606
0 0.798105 0.745900 0.212168 0.385801
0 0.594382 0.715157 0.217993 0.316284
0 0.412339 0.661298 0.216465 0.272736
20 0.237163 0.429846 0.140381 0.214265
