9 0.499673 0.753736 0.119531 0.381758
21 0.383491 0.488015 0.040371 0.185216
21 0.507034 0.438462 0.057905 0.193656
21 0.578755 0.415212 0.032998 0.198513
20 0.383325 0.363846 0.079053 0.180440
0 0.381482 0.470429 0.119800 0.152330
9 0.382642 0.740293 0.111572 0.433700
15 0.345117 0.908608 0.032129 0.058535
15 0.410767 0.958326 0.041455 0.049941
20 0.584155 0.304103 0.075732 0.190769
15 0.584253 0.875238 0.054541 0.043370
15 0.657422 0.896190 0.047852 0.054945
20 0.501172 0.299341 0.073340 0.126886
18 0.474746 0.309883 0.005498 0.006110
18 0.522383 0.311593 0.004033 0.006601
18 0.566309 0.271575 0.003418 0.006447
0 0.505469 0.479267 0.139551 0.263883
15 0.538257 0.945128 0.045947 0.038095
15 0.467358 0.894396 0.043506 0.040073
0 0.599143 0.442674 0.143208 0.283839
9 0.606301 0.718286 0.114038 0.326271
