0 0.429519 0.522440 0.150103 0.358110
18 0.697317 0.457454 0.004380 0.006264
20 0.683081 0.492527 0.142139 0.271062
0 0.669507 0.652894 0.156592 0.276044
20 0.938086 0.461538 0.123828 0.290256
0 0.937283 0.649121 0.125239 0.384982
15 0.802563 0.935495 0.061279 0.057509
19 0.841479 0.440256 0.054053 0.097509
21 0.922466 0.590007 0.075137 0.247575
21 0.836128 0.588571 0.029463 0.140366
19 0.427830 0.281029 0.076245 0.143128
21 0.644597 0.642209 0.117749 0.269780
21 0.407507 0.427740 0.114565 0.198952
