20 0.227158 0.371564 0.056611 0.102733
0 0.195415 0.491802 0.112188 0.182300
19 0.126001 0.336154 0.072412 0.132088
0 0.300908 0.492919 0.096689 0.180989
0 0.882510 0.559524 0.171055 0.259956
0 0.714880 0.560527 0.108696 0.230066
0 0.638860 0.562615 0.086050 0.235399
4 0.508491 0.609549 0.153340 0.137839
4 0.399702 0.531308 0.118398 0.259670
19 0.516147 0.503824 0.057148 0.104352
0 0.101050 0.519341 0.168018 0.299048
20 0.303125 0.367106 0.055176 0.113553
20 0.859766 0.436319 0.094043 0.221648
21 0.509768 0.638945 0.025610 0.067751
21 0.401577 0.479813 0.043350 0.159685
21 0.321672 0.507623 0.029438 0.132989
21 0.218640 0.516945 0.029438 0.138813
21 0.110918 0.502623 0.041729 0.157744
21 0.655356 0.543784 0.026523 0.129590
21 0.707729 0.538883 0.041406 0.190264
21 0.798396 0.546897 0.041519 0.148432
21 0.866438 0.537718 0.047554 0.217443
20 0.801414 0.405696 0.054673 0.109692
20 0.652834 0.392300 0.059849 0.103385
20 0.712356 0.398615 0.055962 0.100469
20 0.399419 0.354777 0.054453 0.100718
