15 0.191187 0.767143 0.026709 0.072161
0 0.561377 0.530110 0.163477 0.275165
15 0.593872 0.941612 0.064014 0.059634
15 0.496362 0.893810 0.045947 0.070989
19 0.552222 0.351319 0.054736 0.069377
15 0.466577 0.969267 0.055420 0.061465
15 0.372388 0.938498 0.038330 0.085495
12 0.420996 0.732198 0.129395 0.290476
20 0.411963 0.377509 0.046680 0.093480
0 0.414062 0.518242 0.126758 0.184176
0 0.229297 0.439304 0.105957 0.208278
15 0.278320 0.790685 0.044043 0.059758
9 0.234863 0.654029 0.103027 0.226007
19 0.244922 0.301319 0.045313 0.084542
21 0.414275 0.519886 0.055776 0.182029
21 0.560393 0.470930 0.058618 0.177817
21 0.749421 0.520597 0.107847 0.332242
20 0.704561 0.273568 0.157793 0.216190
0 0.740493 0.607670 0.188291 0.471106
9 0.542563 0.770586 0.137471 0.320864
21 0.245879 0.420081 0.026289 0.100205
