0 0.489509 0.400183 0.128882 0.182886
15 0.808977 0.582381 0.064272 0.081392
9 0.807397 0.424396 0.166846 0.259927
0 0.812573 0.203956 0.167139 0.204542
15 0.747754 0.572894 0.060742 0.078242
20 0.786963 0.065963 0.063379 0.111853
20 0.253223 0.451795 0.066895 0.122344
0 0.249009 0.607359 0.122295 0.242059
0 0.604658 0.699744 0.247168 0.331048
20 0.546050 0.483685 0.081152 0.150403
20 0.340405 0.464322 0.071738 0.130696
20 0.125422 0.490810 0.069878 0.127201
21 0.795947 0.227084 0.036104 0.158418
21 0.493352 0.405777 0.033774 0.172403
21 0.587876 0.425114 0.040762 0.210842
21 0.556277 0.670432 0.051626 0.269670
21 0.254060 0.598502 0.061313 0.225985
21 0.347236 0.605780 0.051240 0.193949
21 0.045608 0.567051 0.028726 0.122308
21 0.125928 0.641777 0.042314 0.202689
0 0.133481 0.627590 0.129502 0.188703
0 0.322375 0.615007 0.128101 0.205487
0 0.604375 0.409095 0.170029 0.231231
20 0.574329 0.251139 0.067935 0.109502
20 0.488882 0.267564 0.059404 0.107744
