21 0.467683 0.507557 0.054517 0.196740
9 0.071233 0.813784 0.142466 0.372432
9 0.347732 0.864714 0.136841 0.270571
9 0.477681 0.854330 0.100244 0.291341
21 0.354897 0.489923 0.037939 0.126557
21 0.100637 0.476604 0.042358 0.151421
20 0.683979 0.451392 0.101963 0.228352
0 0.674243 0.534432 0.109326 0.192234
9 0.816343 0.818161 0.103428 0.363678
20 0.760867 0.433048 0.068755 0.110989
20 0.588208 0.450916 0.072412 0.249084
19 0.464048 0.351308 0.062617 0.110527
0 0.565332 0.529158 0.107227 0.171722
9 0.566553 0.801429 0.116699 0.397143
9 0.673926 0.809930 0.111816 0.379861
19 0.227808 0.321612 0.064600 0.115165
0 0.213208 0.547473 0.158057 0.340073
9 0.205159 0.849194 0.120933 0.301612
9 0.920300 0.815374 0.106606 0.369253
20 0.868909 0.408179 0.069985 0.122044
1 0.928459 0.548385 0.143081 0.234762
0 0.089956 0.508593 0.141084 0.303194
0 0.343489 0.571062 0.158062 0.366066
0 0.465906 0.565652 0.147983 0.300022
0 0.794321 0.567062 0.099453 0.163487
19 0.355527 0.337418 0.067363 0.122557
19 0.103481 0.312033 0.066299 0.115392
21 0.887217 0.574425 0.037568 0.187897
21 0.771006 0.610619 0.036465 0.185136
