20 0.809912 0.571868 0.085059 0.234579
19 0.738623 0.683736 0.088379 0.180952
19 0.563062 0.455458 0.077490 0.157216
0 0.559502 0.760502 0.177959 0.428579
21 0.168652 0.720531 0.064395 0.357282
21 0.327095 0.632769 0.077139 0.314007
21 0.951841 0.611249 0.064375 0.190747
21 0.441956 0.661696 0.050776 0.274674
19 0.465479 0.484872 0.081055 0.144674
0 0.109622 0.773963 0.187827 0.452073
19 0.324387 0.396121 0.093911 0.145092
19 0.194924 0.455586 0.103970 0.183670
0 0.327966 0.734117 0.254233 0.519326
0 0.943296 0.642359 0.113408 0.252777
21 0.560974 0.666242 0.057759 0.264190
21 0.825845 0.695315 0.063818 0.243919
21 0.744092 0.855370 0.069873 0.283048
0 0.837161 0.693352 0.141001 0.236081
0 0.735857 0.830842 0.196675 0.254974
