0 0.289175 0.673084 0.263506 0.440234
21 0.911284 0.596527 0.089639 0.289670
0 0.899473 0.599234 0.201055 0.312755
0 0.128040 0.727040 0.256079 0.402989
19 0.885664 0.372828 0.117217 0.183033
21 0.323555 0.611121 0.082656 0.340864
0 0.513472 0.688363 0.256504 0.280755
0 0.689775 0.600985 0.256504 0.342835
19 0.148564 0.416681 0.118281 0.216454
19 0.335742 0.371685 0.115723 0.221319
19 0.698242 0.359524 0.099902 0.169744
19 0.492480 0.497473 0.094531 0.110549
21 0.123369 0.696004 0.079561 0.391538
21 0.697488 0.588172 0.088843 0.310366
21 0.490408 0.659132 0.080444 0.230777
