21 0.884773 0.480744 0.045103 0.311158
19 0.380762 0.165971 0.099902 0.189084
19 0.517651 0.248095 0.096729 0.155678
19 0.173169 0.258333 0.120068 0.213150
0 0.171631 0.610879 0.263770 0.542930
21 0.368950 0.434187 0.078506 0.257839
21 0.156787 0.538436 0.067891 0.241927
0 0.588220 0.540136 0.197974 0.445546
3 0.360920 0.497780 0.253872 0.497802
3 0.496030 0.579788 0.075615 0.504220
0 0.900674 0.538436 0.197842 0.423363
19 0.857551 0.262930 0.085288 0.162344
21 0.534697 0.498645 0.075850 0.261026
