19 0.436572 0.260586 0.055664 0.113114
0 0.676687 0.467846 0.121147 0.246667
19 0.201609 0.568216 0.104976 0.145531
15 0.466038 0.882231 0.034790 0.038425
9 0.685295 0.632784 0.059302 0.103897
15 0.750527 0.963495 0.046895 0.059165
20 0.786792 0.416593 0.110986 0.292381
0 0.459229 0.423700 0.136035 0.277143
21 0.305083 0.538421 0.123086 0.129868
9 0.823821 0.790465 0.150210 0.419070
21 0.524644 0.453853 0.026348 0.123575
21 0.448855 0.407260 0.035298 0.128484
21 0.679907 0.451740 0.032998 0.130103
9 0.460178 0.628758 0.086987 0.207700
21 0.804673 0.530212 0.042432 0.285158
19 0.674927 0.316264 0.052490 0.098022
