21 0.680674 0.525927 0.058555 0.239692
21 0.424492 0.479612 0.050283 0.179531
19 0.427991 0.293392 0.073833 0.120322
0 0.408262 0.524491 0.126025 0.341875
20 0.297917 0.305399 0.093267 0.149875
0 0.159204 0.543114 0.210039 0.424000
0 0.293936 0.538300 0.173379 0.320864
0 0.534856 0.534139 0.185854 0.332322
9 0.186575 0.860271 0.175034 0.279458
9 0.311960 0.825897 0.159761 0.348205
18 0.270215 0.348253 0.005332 0.016256
18 0.339490 0.341590 0.003911 0.008264
19 0.192854 0.245582 0.081685 0.148015
19 0.543713 0.302084 0.079028 0.144828
21 0.183582 0.448099 0.061099 0.252110
21 0.307378 0.515421 0.071924 0.287443
21 0.541602 0.478656 0.057920 0.242557
