20 0.835593 0.415725 0.103745 0.204359
0 0.738149 0.867245 0.368906 0.265509
0 0.515967 0.733000 0.315439 0.401077
0 0.356260 0.678337 0.177959 0.339194
20 0.357544 0.434985 0.107676 0.202132
20 0.497571 0.464029 0.119868 0.219634
20 0.734924 0.623985 0.154878 0.296835
18 0.791768 0.658139 0.009473 0.015766
18 0.400862 0.466183 0.004800 0.008527
21 0.369478 0.603692 0.068955 0.195766
21 0.494124 0.718524 0.083804 0.346176
21 0.739700 0.859062 0.106079 0.281875
21 0.832253 0.625018 0.073726 0.240337
0 0.882642 0.654223 0.216934 0.333443
