20 0.795657 0.337498 0.129946 0.158366
0 0.562349 0.521626 0.258408 0.376249
19 0.556511 0.313520 0.094985 0.188593
9 0.562488 0.839740 0.170337 0.320520
0 0.230432 0.616172 0.222144 0.464110
0 0.378918 0.615308 0.199858 0.452652
21 0.246423 0.569469 0.066831 0.308769
21 0.401831 0.582044 0.057285 0.213275
21 0.537085 0.523952 0.060469 0.281707
21 0.702837 0.497930 0.064180 0.296037
19 0.424495 0.339099 0.092466 0.172879
19 0.235764 0.339370 0.102222 0.183179
0 0.795496 0.624381 0.124116 0.352381
21 0.747322 0.652121 0.030200 0.128212
