21 0.640234 0.474586 0.061865 0.309407
19 0.281123 0.213220 0.096797 0.177722
19 0.637332 0.254337 0.081470 0.145158
20 0.719436 0.302564 0.096743 0.163297
0 0.400024 0.544487 0.256631 0.426293
19 0.556218 0.318168 0.084780 0.168454
19 0.408579 0.236575 0.106934 0.216579
21 0.536360 0.537615 0.092417 0.316286
21 0.751135 0.536227 0.071030 0.343810
21 0.333577 0.802901 0.051938 0.156996
21 0.275530 0.427604 0.080962 0.284190
0 0.242708 0.530315 0.267319 0.483209
0 0.774048 0.520769 0.217676 0.296806
9 0.789705 0.815103 0.174146 0.369795
