0 0.072559 0.423443 0.145117 0.180645
20 0.438213 0.400897 0.128555 0.202278
18 0.382664 0.402897 0.008530 0.013546
19 0.793723 0.233582 0.123970 0.226315
20 0.646956 0.338546 0.122231 0.211495
9 0.525742 0.885524 0.328428 0.228952
0 0.830186 0.492711 0.261211 0.414872
0 0.653499 0.591341 0.229771 0.315136
0 0.429202 0.660194 0.138755 0.301766
18 0.605549 0.393678 0.006616 0.009934
18 0.693455 0.361634 0.006411 0.009260
21 0.063179 0.395974 0.081650 0.124344
20 0.048850 0.284777 0.070718 0.125333
