21 0.462822 0.842919 0.043584 0.141385
0 0.503564 0.558011 0.118809 0.268183
0 0.255864 0.532150 0.147451 0.229194
19 0.518992 0.391278 0.055991 0.087319
21 0.515437 0.510458 0.045786 0.152359
20 0.285408 0.388033 0.068423 0.120960
21 0.814551 0.754824 0.036836 0.149209
21 0.588325 0.796806 0.061416 0.246696
21 0.263738 0.516176 0.068511 0.188996
0 0.449834 0.820546 0.184053 0.214073
0 0.599141 0.783143 0.204736 0.279326
0 0.832732 0.717491 0.132388 0.234923
20 0.456951 0.648828 0.084653 0.139429
20 0.590549 0.578542 0.077017 0.153744
19 0.788994 0.575176 0.072598 0.130513
