0 0.644651 0.555147 0.178853 0.269297
9 0.229702 0.910619 0.158867 0.178762
9 0.392388 0.868791 0.155811 0.262418
0 0.403997 0.658187 0.208765 0.250205
0 0.222036 0.606234 0.180146 0.455516
18 0.602886 0.386853 0.007695 0.013326
18 0.463743 0.507451 0.005327 0.009773
18 0.391094 0.510161 0.005508 0.011194
20 0.631497 0.343465 0.102896 0.170300
20 0.427290 0.476363 0.091230 0.192579
19 0.293630 0.306857 0.092290 0.178256
9 0.634658 0.832308 0.163447 0.335385
0 0.832324 0.521000 0.210801 0.286484
20 0.777991 0.310678 0.106929 0.196725
21 0.785364 0.545516 0.039780 0.284103
21 0.648521 0.552681 0.069482 0.272952
21 0.527854 0.554271 0.063647 0.292059
21 0.420459 0.693139 0.064160 0.318322
21 0.270559 0.508194 0.051450 0.286484
