15 0.281008 0.887707 0.032739 0.075604
15 0.606096 0.822883 0.022563 0.031714
15 0.365405 0.878509 0.044160 0.029795
15 0.316843 0.906747 0.042202 0.081744
9 0.827964 0.674516 0.071162 0.281179
0 0.818816 0.481546 0.082876 0.127106
0 0.570098 0.481637 0.099756 0.124344
0 0.355544 0.502128 0.102212 0.133092
20 0.570713 0.378004 0.047578 0.079231
0 0.270520 0.516176 0.126772 0.173158
20 0.794783 0.397132 0.044507 0.087040
19 0.900293 0.330546 0.050830 0.086762
3 0.925522 0.467875 0.135176 0.224366
21 0.906553 0.453505 0.026523 0.121575
21 0.794580 0.505454 0.024307 0.117165
21 0.736013 0.492194 0.027993 0.110527
21 0.573816 0.482927 0.032710 0.110088
21 0.357456 0.522388 0.030498 0.124015
21 0.284304 0.518740 0.037124 0.127326
9 0.346316 0.718883 0.053921 0.308374
9 0.587429 0.665832 0.084419 0.281846
15 0.817778 0.824322 0.045615 0.044132
15 0.899565 0.822370 0.056699 0.043172
15 0.959893 0.852593 0.040488 0.063326
9 0.929407 0.676835 0.080444 0.315004
12 0.272502 0.688048 0.104312 0.179055
15 0.635674 0.845007 0.030908 0.031714
20 0.367668 0.398740 0.041743 0.081978
20 0.293203 0.401227 0.050830 0.087319
