20 0.902356 0.395132 0.055981 0.104974
0 0.530962 0.554582 0.136650 0.208344
0 0.729385 0.556187 0.086562 0.154733
0 0.648064 0.580883 0.106509 0.187436
18 0.700620 0.472359 0.002588 0.022212
18 0.497700 0.449963 0.006045 0.011106
18 0.539771 0.438201 0.006572 0.011729
20 0.718225 0.442509 0.048618 0.091187
20 0.614207 0.451516 0.054878 0.089524
20 0.517610 0.423381 0.050034 0.100857
21 0.231384 0.493289 0.030728 0.106608
21 0.328015 0.537795 0.024692 0.101275
21 0.522957 0.533945 0.035552 0.167714
21 0.632305 0.571553 0.031719 0.176923
21 0.723237 0.561000 0.036064 0.175773
21 0.789231 0.553707 0.030952 0.131253
21 0.891655 0.528883 0.063389 0.186791
20 0.796348 0.402055 0.058936 0.106659
20 0.327017 0.429410 0.042725 0.077370
19 0.242483 0.382436 0.046782 0.080681
0 0.238799 0.492689 0.102031 0.150872
0 0.328716 0.520549 0.086250 0.140000
0 0.810879 0.510868 0.092119 0.153077
0 0.902227 0.531319 0.102432 0.164132
