1 0.368105 0.921556 0.169521 0.156888
19 0.344751 0.805986 0.054229 0.094408
9 0.094888 0.867464 0.113633 0.155658
19 0.673018 0.758652 0.048613 0.075534
21 0.787847 0.843503 0.028184 0.085104
21 0.682236 0.859362 0.036475 0.132630
21 0.910325 0.840736 0.049321 0.127109
21 0.112124 0.739899 0.026250 0.104082
21 0.294746 0.720941 0.020449 0.122038
21 0.629910 0.721390 0.027583 0.099785
20 0.116096 0.651016 0.044556 0.065391
20 0.300503 0.634945 0.047666 0.059408
20 0.624868 0.642269 0.043174 0.058027
19 0.778569 0.721247 0.059756 0.084277
19 0.889236 0.700570 0.065972 0.102702
0 0.100325 0.738594 0.104771 0.117435
21 0.341248 0.923962 0.039380 0.152077
21 0.456472 0.857041 0.036060 0.135397
21 0.556858 0.878701 0.031089 0.101686
0 0.560969 0.860329 0.116401 0.150592
15 0.125625 0.967565 0.042178 0.034909
19 0.453250 0.757878 0.043452 0.080143
19 0.550613 0.761188 0.047026 0.088600
1 0.454587 0.874372 0.097056 0.176842
0 0.291731 0.712881 0.078286 0.102090
0 0.636870 0.722246 0.100166 0.106302
0 0.798430 0.837301 0.121577 0.179147
0 0.922427 0.842135 0.152666 0.213685
0 0.684966 0.858714 0.110186 0.145527
