21 0.647805 0.456601 0.050386 0.202271
0 0.519172 0.472242 0.180112 0.230447
0 0.609751 0.752744 0.166016 0.231582
0 0.240854 0.812190 0.256182 0.375619
20 0.026414 0.115707 0.052827 0.121758
20 0.437898 0.146110 0.058345 0.097084
0 0.438562 0.287429 0.095474 0.173744
0 0.045862 0.261300 0.091724 0.157165
0 0.822021 0.440575 0.121182 0.200051
20 0.826736 0.286004 0.062251 0.106659
21 0.444404 0.286370 0.044814 0.158425
21 0.021125 0.255513 0.037446 0.163026
20 0.726880 0.571989 0.090166 0.153853
19 0.641096 0.309212 0.071089 0.137604
21 0.818855 0.425044 0.039780 0.178498
21 0.538633 0.458590 0.052158 0.208901
21 0.753357 0.768886 0.060112 0.290462
21 0.621638 0.772535 0.067183 0.239399
21 0.267419 0.807216 0.079116 0.385568
19 0.554500 0.312363 0.074253 0.131963
20 0.614788 0.576634 0.090698 0.159158
19 0.277188 0.570667 0.101836 0.188601
