19 0.267197 0.276883 0.060996 0.108755
19 0.563376 0.543531 0.051938 0.100029
19 0.413098 0.565223 0.060161 0.118359
20 0.925977 0.338527 0.056533 0.089421
20 0.500325 0.345114 0.048599 0.086344
19 0.415889 0.324205 0.053408 0.104952
9 0.236038 0.686388 0.096802 0.354799
0 0.247881 0.417634 0.137480 0.218872
0 0.568865 0.701308 0.148071 0.220168
3 0.405325 0.741099 0.157798 0.293114
9 0.502332 0.662183 0.076001 0.318315
0 0.497998 0.445989 0.091348 0.128212
21 0.256707 0.433923 0.038677 0.151055
21 0.406279 0.715952 0.039043 0.188447
21 0.571665 0.688429 0.044570 0.186791
21 0.672468 0.422714 0.036685 0.127993
21 0.591804 0.434982 0.035356 0.159165
21 0.508325 0.462718 0.025576 0.141612
21 0.409592 0.436407 0.036831 0.155773
21 0.921780 0.457879 0.048599 0.155040
20 0.591738 0.316381 0.050898 0.089802
15 0.217239 0.893158 0.031460 0.058330
15 0.282466 0.878190 0.055508 0.057568
15 0.073999 0.982846 0.042715 0.034308
15 0.350146 0.942509 0.036318 0.072916
15 0.546208 0.916799 0.053970 0.081363
15 0.911992 0.848044 0.036592 0.039443
15 0.879221 0.843780 0.032153 0.036777
15 0.716030 0.822645 0.037656 0.062901
15 0.642705 0.807451 0.031621 0.057832
9 0.913564 0.677700 0.094941 0.339810
9 0.677007 0.674912 0.106611 0.257839
9 0.120720 0.801447 0.141089 0.341399
19 0.133660 0.261817 0.083804 0.132894
0 0.115627 0.482253 0.173970 0.354132
0 0.933110 0.451846 0.099453 0.152527
0 0.685112 0.452344 0.118604 0.247033
19 0.671116 0.285982 0.061694 0.104125
15 0.473772 0.829370 0.028247 0.056264
21 0.131504 0.430077 0.045967 0.161810
