19 0.703113 0.397626 0.058950 0.113656
15 0.654238 0.953187 0.036387 0.042198
15 0.717336 0.958018 0.030347 0.039421
0 0.692883 0.553531 0.130757 0.240952
0 0.377920 0.553755 0.120811 0.196740
9 0.376372 0.818158 0.102900 0.357311
21 0.803594 0.494099 0.039287 0.126220
21 0.694258 0.512491 0.044814 0.156586
21 0.378208 0.538088 0.035811 0.166945
0 0.808076 0.564062 0.143223 0.267392
9 0.688213 0.807414 0.114492 0.291795
15 0.821565 0.923538 0.031978 0.037978
9 0.802144 0.802853 0.103428 0.234410
15 0.782292 0.891227 0.038784 0.051084
20 0.372571 0.399480 0.053882 0.107033
19 0.798245 0.391165 0.050376 0.095341
