20 0.460796 0.512637 0.090166 0.173084
20 0.634060 0.490421 0.078677 0.145897
20 0.723611 0.539696 0.088843 0.140593
0 0.654568 0.641491 0.110854 0.257048
0 0.448242 0.692421 0.169199 0.239538
0 0.794541 0.723220 0.227861 0.320872
21 0.920742 0.562707 0.057461 0.200271
19 0.924675 0.417806 0.072046 0.125341
21 0.744790 0.711282 0.050391 0.266593
21 0.662844 0.640059 0.063647 0.246696
21 0.450100 0.724652 0.066831 0.297626
18 0.426440 0.522663 0.004736 0.008667
18 0.664478 0.491421 0.002588 0.005919
