9 0.559360 0.798582 0.154668 0.402835
20 0.434053 0.334579 0.074697 0.139267
20 0.544553 0.316608 0.080444 0.147883
21 0.162629 0.447923 0.052671 0.188447
18 0.407495 0.357872 0.005625 0.008212
20 0.634944 0.316941 0.079116 0.123348
21 0.354160 0.531084 0.050283 0.259751
21 0.430857 0.538245 0.048374 0.258791
21 0.543196 0.532037 0.059194 0.280762
21 0.656777 0.523648 0.074697 0.262608
21 0.843965 0.489824 0.074258 0.282505
0 0.129736 0.510264 0.191582 0.410637
0 0.328318 0.563458 0.119019 0.303678
0 0.861055 0.517143 0.213223 0.337099
19 0.170471 0.242590 0.088472 0.168066
20 0.802498 0.310868 0.099927 0.149927
20 0.360078 0.348304 0.069502 0.132930
9 0.146091 0.846344 0.115806 0.307311
9 0.327427 0.843418 0.115205 0.313165
9 0.869392 0.820978 0.161665 0.358044
0 0.677109 0.498330 0.145859 0.246696
0 0.547427 0.512971 0.179805 0.230777
0 0.424646 0.573850 0.153833 0.323890
9 0.699067 0.796194 0.127295 0.407612
9 0.434993 0.838835 0.122202 0.322330
