20 0.630081 0.338890 0.085747 0.170440
18 0.082417 0.337714 0.005947 0.009875
18 0.186482 0.325205 0.006138 0.008564
19 0.816165 0.343198 0.123765 0.217516
20 0.259260 0.306223 0.081147 0.146425
0 0.830771 0.708590 0.338457 0.523934
0 0.117173 0.574788 0.234346 0.389165
0 0.635166 0.490092 0.200225 0.170440
21 0.817073 0.594491 0.126021 0.287443
21 0.630647 0.479227 0.060464 0.142293
21 0.147239 0.562788 0.117114 0.372432
21 0.253689 0.460209 0.046675 0.175875
20 0.131965 0.295396 0.124751 0.257839
