1 0.247249 0.504630 0.139888 0.255313
0 0.621689 0.501117 0.139629 0.206780
0 0.487322 0.559653 0.135610 0.223360
9 0.486243 0.782693 0.104917 0.277733
9 0.620298 0.751260 0.116572 0.302400
15 0.668452 0.925610 0.048408 0.058633
15 0.577195 0.918683 0.057974 0.054367
15 0.519224 0.926947 0.034941 0.046907
15 0.468374 0.926013 0.029668 0.045040
15 0.380437 0.918017 0.048218 0.046633
15 0.344932 0.925880 0.031230 0.048507
19 0.747078 0.332573 0.061606 0.106813
19 0.254241 0.338010 0.056450 0.097220
21 0.752915 0.473800 0.052568 0.198413
21 0.621270 0.493340 0.037949 0.132413
21 0.485764 0.530600 0.041460 0.180053
21 0.373796 0.504537 0.046616 0.156073
21 0.252014 0.481127 0.039819 0.114173
0 0.767937 0.519553 0.164175 0.285160
9 0.771726 0.768503 0.119487 0.279860
9 0.245696 0.757550 0.100054 0.300433
15 0.816038 0.932927 0.047554 0.062040
15 0.748718 0.918470 0.053169 0.074193
15 0.275542 0.912190 0.036260 0.062167
15 0.211821 0.913417 0.043564 0.054500
20 0.377104 0.395420 0.080713 0.108840
20 0.483616 0.407160 0.057554 0.095293
19 0.621218 0.354997 0.057554 0.096647
12 0.364968 0.711927 0.146724 0.258187
1 0.360435 0.539803 0.138926 0.249300
