0 0.856568 0.728745 0.088187 0.283306
20 0.779799 0.581519 0.053714 0.122556
19 0.852094 0.525019 0.048792 0.136870
18 0.606268 0.459343 0.004766 0.010352
20 0.575258 0.448852 0.092620 0.181056
20 0.457919 0.436755 0.070672 0.170120
20 0.347516 0.415681 0.079896 0.179491
20 0.238573 0.459125 0.089958 0.179046
21 0.228490 0.703833 0.053719 0.335833
0 0.187667 0.697704 0.183979 0.354130
21 0.340758 0.650755 0.077443 0.301602
21 0.465513 0.677176 0.052370 0.319111
0 0.602310 0.687523 0.159359 0.336620
0 0.458576 0.682745 0.150401 0.320713
0 0.343758 0.639375 0.139214 0.283306
21 0.580242 0.681792 0.071172 0.335028
21 0.780339 0.735157 0.038542 0.207796
18 0.376930 0.452125 0.009349 0.027917
21 0.841734 0.711667 0.033885 0.147556
0 0.762117 0.759380 0.106089 0.241130
