9 0.763193 0.911667 0.159121 0.176667
9 0.088896 0.867498 0.128359 0.265004
0 0.109050 0.654462 0.160396 0.221553
0 0.915515 0.614542 0.132251 0.258637
0 0.739624 0.713190 0.157646 0.175187
0 0.225828 0.737850 0.149399 0.220828
19 0.255786 0.591703 0.056787 0.101311
21 0.900674 0.569407 0.044199 0.182374
21 0.724963 0.741487 0.079927 0.234315
21 0.247439 0.719407 0.040210 0.180527
21 0.129470 0.633934 0.042964 0.190989
19 0.134819 0.504015 0.055986 0.103897
19 0.693032 0.596586 0.065195 0.123238
19 0.897456 0.433832 0.057090 0.093949
