9 0.774492 0.680245 0.121572 0.362879
19 0.259314 0.083956 0.081685 0.135282
19 0.552366 0.406253 0.076899 0.148022
19 0.359402 0.442147 0.086987 0.152791
21 0.246848 0.263886 0.050278 0.246381
21 0.332903 0.323092 0.056011 0.232059
21 0.444922 0.357469 0.040732 0.224418
21 0.652415 0.327392 0.048374 0.194813
21 0.744067 0.333121 0.044551 0.202447
21 0.811536 0.420498 0.030552 0.233963
21 0.981826 0.323092 0.036348 0.134652
21 0.547078 0.585231 0.056646 0.255927
21 0.363135 0.654465 0.057920 0.216769
1 0.190647 0.283462 0.242495 0.427817
0 0.321445 0.385165 0.178213 0.335194
20 0.454343 0.178894 0.074468 0.124147
20 0.632683 0.174121 0.073833 0.117458
20 0.728792 0.154066 0.075103 0.136557
20 0.804534 0.217092 0.075103 0.119370
0 0.955095 0.351264 0.089810 0.261663
19 0.970688 0.178418 0.058623 0.114593
19 0.347859 0.150245 0.078286 0.146103
9 0.883521 0.705264 0.115205 0.481297
15 0.736863 0.859363 0.068140 0.063004
15 0.815610 0.877048 0.040146 0.058579
15 0.828872 0.911861 0.089502 0.050842
15 0.949155 0.743194 0.039248 0.056498
15 0.321211 0.950626 0.082217 0.098747
0 0.335957 0.670220 0.206855 0.371473
0 0.542813 0.570714 0.181396 0.237780
1 0.189565 0.289000 0.238682 0.421136
9 0.196248 0.649212 0.122202 0.371480
15 0.166160 0.872165 0.049624 0.092110
15 0.472507 0.944029 0.048179 0.096821
15 0.556045 0.837590 0.064092 0.118711
