19 0.407905 0.307859 0.060117 0.109606
15 0.657646 0.900467 0.053164 0.064230
15 0.601533 0.902597 0.035146 0.064230
15 0.557468 0.909927 0.049419 0.051699
0 0.622146 0.431721 0.128364 0.218848
9 0.397988 0.761645 0.100312 0.269241
9 0.518308 0.756010 0.091450 0.271233
9 0.626855 0.708596 0.100781 0.355456
15 0.364766 0.913206 0.046748 0.052772
15 0.430422 0.911207 0.047456 0.050904
15 0.481821 0.910992 0.050488 0.048505
21 0.148120 0.419519 0.017266 0.129409
0 0.518079 0.492735 0.129175 0.269905
0 0.391692 0.492403 0.128921 0.290467
19 0.614492 0.262247 0.060889 0.112064
19 0.505691 0.303311 0.059604 0.097476
21 0.278157 0.396860 0.044087 0.151050
21 0.408718 0.456962 0.037612 0.145988
21 0.511074 0.441302 0.039463 0.174537
21 0.619285 0.421962 0.041929 0.135857
21 0.764941 0.434953 0.039248 0.159635
21 0.896943 0.432144 0.036484 0.165791
19 0.141335 0.270999 0.061040 0.111451
19 0.280964 0.262983 0.059810 0.106842
19 0.891387 0.272192 0.056729 0.076448
3 0.131780 0.462115 0.162036 0.308373
0 0.275027 0.483005 0.150571 0.312794
0 0.760515 0.493341 0.143911 0.271349
0 0.898584 0.455376 0.145762 0.289584
9 0.122974 0.759325 0.113203 0.328264
9 0.278442 0.765295 0.116758 0.281182
9 0.751687 0.741419 0.100776 0.257309
9 0.900544 0.746061 0.126968 0.309701
15 0.086409 0.942042 0.042817 0.060131
15 0.250703 0.917896 0.038750 0.045419
15 0.307439 0.918538 0.035327 0.043494
15 0.707175 0.899989 0.051597 0.056608
15 0.959551 0.909985 0.075225 0.056645
