9 0.480068 0.794341 0.140234 0.411319
9 0.321968 0.759960 0.111816 0.480081
9 0.646941 0.797103 0.129839 0.405795
0 0.643442 0.480088 0.173760 0.329465
0 0.498640 0.479132 0.161665 0.300813
0 0.352568 0.440458 0.141934 0.240652
20 0.771523 0.203007 0.102900 0.164725
20 0.242710 0.227278 0.096533 0.168711
21 0.779011 0.450864 0.052192 0.261656
21 0.637712 0.426513 0.071284 0.251150
21 0.486868 0.476172 0.077651 0.289355
21 0.368799 0.465667 0.056650 0.291260
21 0.227117 0.452967 0.056646 0.265480
9 0.776082 0.815773 0.168032 0.368454
9 0.200159 0.753703 0.141880 0.492593
20 0.639495 0.238868 0.086558 0.160432
20 0.499150 0.258443 0.089746 0.144198
20 0.368418 0.250040 0.083379 0.155656
