20 0.685552 0.311700 0.062324 0.114725
21 0.682415 0.470194 0.053042 0.212212
0 0.249023 0.476524 0.132598 0.202923
0 0.577607 0.493234 0.117217 0.188608
20 0.269177 0.324128 0.061528 0.114601
20 0.572834 0.348799 0.058872 0.116190
20 0.459778 0.283051 0.058345 0.116051
21 0.562190 0.499374 0.063647 0.201604
20 0.372947 0.349832 0.057827 0.118271
0 0.370920 0.491857 0.129653 0.176842
3 0.460283 0.463392 0.138965 0.235560
0 0.684114 0.465381 0.129419 0.190190
9 0.683474 0.770410 0.120298 0.459179
9 0.464868 0.750875 0.105400 0.468696
9 0.366296 0.778766 0.106079 0.432916
15 0.453601 0.967597 0.039009 0.044777
15 0.492183 0.987590 0.033252 0.024821
21 0.265872 0.481469 0.048618 0.222161
21 0.365498 0.512637 0.042432 0.230784
21 0.460750 0.437700 0.044644 0.194974
