0 0.933350 0.415872 0.133301 0.207245
9 0.945505 0.623114 0.108989 0.232659
15 0.950015 0.778535 0.039775 0.074623
15 0.978672 0.786769 0.042656 0.095414
20 0.639624 0.257853 0.067725 0.119678
19 0.958242 0.274110 0.058994 0.110652
19 0.481597 0.199366 0.069531 0.114718
0 0.497305 0.425832 0.167607 0.333436
9 0.515073 0.736989 0.131006 0.300015
15 0.490901 0.905553 0.052651 0.059487
15 0.559263 0.884700 0.073750 0.087949
21 0.302043 0.674505 0.042729 0.239297
21 0.488833 0.352919 0.052949 0.198029
21 0.639800 0.400275 0.042715 0.173853
15 0.234417 0.918161 0.085825 0.101685
15 0.356370 0.933692 0.076245 0.075707
21 0.957832 0.397821 0.045117 0.165326
21 0.218359 0.495487 0.054141 0.144234
19 0.208621 0.377095 0.048599 0.101311
19 0.333750 0.607359 0.091777 0.131714
0 0.287319 0.662022 0.225420 0.253861
0 0.212966 0.524696 0.117251 0.195722
15 0.634294 0.897176 0.031548 0.054689
15 0.667012 0.899253 0.032188 0.053729
12 0.624866 0.644674 0.092378 0.259297
0 0.644536 0.428484 0.144092 0.232777
