0 0.541218 0.501142 0.113979 0.147228
18 0.620093 0.418775 0.002939 0.004070
18 0.564775 0.396605 0.003584 0.009854
20 0.641340 0.405780 0.050356 0.092874
20 0.543044 0.382447 0.057339 0.096710
20 0.427898 0.386823 0.057036 0.099934
21 0.317502 0.421324 0.039819 0.157732
21 0.423989 0.529008 0.040078 0.162334
21 0.547566 0.512852 0.036479 0.161182
21 0.640698 0.531120 0.036738 0.158884
21 0.754124 0.491171 0.039565 0.135470
21 0.871404 0.455095 0.046499 0.158505
19 0.319170 0.281244 0.060117 0.107068
1 0.170920 0.511302 0.167368 0.244705
3 0.315513 0.481725 0.138955 0.301072
19 0.859380 0.326262 0.061660 0.099015
19 0.749934 0.350824 0.059604 0.102086
20 0.177285 0.341090 0.066592 0.108322
21 0.171179 0.465263 0.032349 0.134318
3 0.760789 0.526820 0.135405 0.266594
3 0.878435 0.507589 0.130073 0.255981
9 0.172693 0.761317 0.123853 0.316331
9 0.304724 0.763439 0.130073 0.349489
9 0.760657 0.775044 0.109653 0.269241
9 0.888291 0.777363 0.120752 0.304398
15 0.259077 0.940766 0.047314 0.049891
15 0.342314 0.936955 0.036396 0.052451
15 0.196409 0.938235 0.042603 0.053085
15 0.727834 0.931645 0.034683 0.055966
15 0.795764 0.929923 0.037681 0.063961
15 0.844580 0.938877 0.041533 0.045412
15 0.946165 0.940478 0.068296 0.052451
15 0.653689 0.929289 0.034644 0.055806
15 0.602041 0.935711 0.044297 0.056134
15 0.531077 0.941823 0.053540 0.046419
15 0.466204 0.944803 0.030864 0.047360
15 0.416045 0.938406 0.041992 0.041714
9 0.643875 0.747206 0.095776 0.322567
9 0.542131 0.748705 0.090552 0.370686
9 0.431770 0.779595 0.102310 0.308906
0 0.648516 0.527837 0.106719 0.148133
0 0.434653 0.536823 0.107646 0.189679
