20 0.776785 0.361484 0.131753 0.224418
20 0.598823 0.294447 0.121572 0.179531
18 0.634712 0.315740 0.006748 0.014659
21 0.244060 0.470348 0.078667 0.347216
0 0.213811 0.536813 0.233706 0.466403
0 0.616309 0.535092 0.200098 0.286447
0 0.828657 0.590099 0.227607 0.325443
9 0.611553 0.821026 0.167393 0.357949
9 0.214771 0.867436 0.189033 0.265128
9 0.839358 0.848337 0.218452 0.303326
21 0.767632 0.660000 0.065684 0.364410
19 0.263079 0.216139 0.106929 0.183355
21 0.604170 0.605000 0.071816 0.426293
