19 0.259033 0.267286 0.133662 0.295656
19 0.748459 0.174692 0.109985 0.221165
19 0.620527 0.214802 0.098525 0.205121
9 0.787539 0.793810 0.325879 0.412381
0 0.340659 0.222040 0.088398 0.155187
21 0.615105 0.461179 0.067974 0.330037
21 0.271404 0.524205 0.168794 0.357538
15 0.893958 0.602168 0.137905 0.139927
21 0.333816 0.242945 0.029634 0.129348
1 0.755078 0.327868 0.196035 0.317040
0 0.603528 0.508919 0.308872 0.448300
0 0.310967 0.637081 0.448184 0.576183
21 0.752798 0.332484 0.057285 0.142447
20 0.311396 0.109103 0.060996 0.099480
