21 0.126819 0.591755 0.082212 0.329458
0 0.803125 0.469864 0.181660 0.266586
0 0.644648 0.459652 0.155938 0.221546
0 0.111033 0.626905 0.222065 0.526674
20 0.657686 0.282916 0.082178 0.143619
20 0.108870 0.271949 0.115298 0.210711
20 0.952283 0.249363 0.095435 0.181040
18 0.627585 0.317440 0.004351 0.009443
18 0.810732 0.287766 0.005566 0.007077
20 0.782754 0.278626 0.113779 0.170264
21 0.790396 0.473377 0.063652 0.274549
21 0.644668 0.467212 0.058340 0.233429
21 0.928743 0.472714 0.076909 0.242718
