9 0.805439 0.820949 0.199805 0.358103
0 0.148198 0.626905 0.296396 0.633941
0 0.393088 0.491458 0.228218 0.299780
20 0.593835 0.272242 0.126245 0.218842
20 0.425161 0.251549 0.116670 0.209297
18 0.453921 0.298070 0.007246 0.014396
0 0.597388 0.613015 0.243799 0.511553
9 0.371919 0.800322 0.174141 0.399355
9 0.562649 0.888055 0.176890 0.223890
0 0.832095 0.537385 0.236006 0.343780
20 0.776084 0.273912 0.129844 0.201495
21 0.811982 0.529462 0.087197 0.350469
21 0.403486 0.536143 0.092930 0.399172
21 0.186064 0.526022 0.080195 0.449788
19 0.212107 0.217172 0.126235 0.218842
