9 0.559297 0.883432 0.257139 0.233136
9 0.133875 0.883575 0.218950 0.232850
0 0.875024 0.660667 0.249951 0.347604
0 0.472852 0.677381 0.206836 0.335187
0 0.146921 0.622949 0.192856 0.322777
21 0.812576 0.373703 0.038716 0.227597
21 0.491067 0.645773 0.063647 0.245421
21 0.884094 0.651022 0.088472 0.322777
21 0.109495 0.388414 0.060464 0.213912
21 0.185747 0.610059 0.065557 0.287443
19 0.104807 0.227278 0.083804 0.146425
0 0.100828 0.382857 0.173442 0.218842
20 0.820742 0.193297 0.069482 0.142447
19 0.202666 0.395194 0.091758 0.178256
19 0.514277 0.452491 0.086982 0.165524
19 0.884763 0.407927 0.103433 0.183033
9 0.886897 0.892502 0.226206 0.214996
