19 0.805481 0.432298 0.053696 0.083662
18 0.437500 0.500985 0.002734 0.005179
15 0.614526 0.954759 0.042373 0.042414
15 0.556721 0.954781 0.037612 0.042195
15 0.357451 0.968107 0.038896 0.043173
15 0.454880 0.963775 0.036128 0.033093
9 0.580239 0.796196 0.093232 0.303071
9 0.452373 0.764964 0.077676 0.294449
9 0.357383 0.801455 0.088359 0.319613
4 0.575540 0.578173 0.125415 0.224369
0 0.454949 0.571955 0.089146 0.115128
0 0.362261 0.577619 0.121348 0.161364
19 0.571201 0.421900 0.048301 0.089037
20 0.372620 0.474139 0.047173 0.079672
20 0.451172 0.475474 0.054258 0.082896
0 0.114946 0.594475 0.142432 0.272451
0 0.254863 0.571703 0.103213 0.135398
0 0.698918 0.593093 0.128745 0.227688
0 0.816267 0.591327 0.113208 0.236528
0 0.919485 0.583326 0.125786 0.226054
9 0.093008 0.852834 0.118086 0.263275
9 0.239509 0.792815 0.095005 0.339533
9 0.701655 0.815033 0.088789 0.242057
9 0.829141 0.834227 0.108516 0.269869
9 0.923328 0.823632 0.102046 0.257899
15 0.673237 0.948384 0.032471 0.046907
15 0.731685 0.949821 0.041035 0.049037
15 0.794202 0.961309 0.025688 0.022123
15 0.871919 0.963417 0.027119 0.023990
15 0.900713 0.962378 0.032471 0.042378
15 0.206130 0.976645 0.038022 0.040292
15 0.246157 0.971462 0.043164 0.036842
19 0.140103 0.419406 0.058574 0.091721
19 0.700300 0.425926 0.051636 0.086353
19 0.911970 0.427498 0.050356 0.078673
20 0.261880 0.455441 0.051797 0.089803
21 0.917725 0.544362 0.033398 0.151977
21 0.816501 0.554912 0.032886 0.105536
21 0.700042 0.545284 0.032114 0.131634
21 0.571846 0.540868 0.024922 0.098249
21 0.455410 0.585233 0.025947 0.109373
21 0.365364 0.587152 0.032886 0.140839
21 0.258105 0.576984 0.026465 0.108993
21 0.127771 0.570226 0.031343 0.152356
