15 0.495386 0.864015 0.066914 0.064938
15 0.609622 0.817048 0.063208 0.045304
9 0.469299 0.718443 0.091655 0.292212
9 0.588704 0.689700 0.082739 0.275985
0 0.168245 0.472546 0.201128 0.371480
0 0.469998 0.450963 0.113931 0.279802
0 0.580354 0.444374 0.112632 0.259751
15 0.828948 0.715938 0.025581 0.023348
15 0.810935 0.720736 0.039009 0.029106
15 0.448240 0.886212 0.035298 0.056645
19 0.462820 0.247597 0.056353 0.101685
19 0.592351 0.267718 0.063843 0.114674
19 0.181411 0.225766 0.087295 0.154183
21 0.188042 0.409516 0.076982 0.261949
21 0.468162 0.422835 0.047144 0.232103
21 0.592659 0.393821 0.054517 0.171875
21 0.691833 0.416839 0.041440 0.187890
15 0.693167 0.781817 0.039644 0.035502
15 0.668247 0.791062 0.047959 0.038374
9 0.197549 0.800839 0.159629 0.388476
21 0.735881 0.396575 0.038062 0.178689
20 0.832261 0.319436 0.043584 0.075985
21 0.835178 0.427894 0.018110 0.137238
9 0.673142 0.611982 0.082231 0.351480
9 0.813069 0.581938 0.067183 0.267919
0 0.813438 0.401168 0.065195 0.110527
0 0.683635 0.389344 0.061880 0.127656
20 0.678940 0.277989 0.056787 0.090718
15 0.572468 0.842586 0.050181 0.052410
