20 0.642168 0.323377 0.073193 0.113641
0 0.129294 0.442011 0.175034 0.233429
9 0.162515 0.759908 0.138750 0.480183
9 0.799390 0.864813 0.129229 0.270374
9 0.648733 0.781952 0.124644 0.436095
9 0.520056 0.771128 0.120923 0.405861
21 0.165095 0.465220 0.075142 0.306381
21 0.390847 0.462128 0.048989 0.215524
21 0.505586 0.495011 0.044199 0.252557
21 0.646841 0.498601 0.048252 0.239839
9 0.391760 0.756484 0.118823 0.455194
0 0.649001 0.491084 0.146392 0.210886
0 0.511572 0.483842 0.148516 0.224418
0 0.390164 0.444930 0.138970 0.202930
20 0.391968 0.289194 0.071924 0.130828
20 0.504370 0.315264 0.064922 0.122234
21 0.785151 0.543916 0.054512 0.263055
20 0.161624 0.252806 0.084653 0.136557
19 0.779331 0.346872 0.086562 0.162344
0 0.797954 0.590231 0.205088 0.344842
