0 0.851699 0.824890 0.246318 0.350220
21 0.286736 0.803755 0.081685 0.317516
21 0.438684 0.700396 0.069380 0.193861
21 0.834258 0.857597 0.075107 0.284806
21 0.682944 0.779894 0.082656 0.234103
20 0.690635 0.550773 0.086455 0.161546
19 0.161243 0.507399 0.114565 0.204366
0 0.129736 0.753300 0.253955 0.409678
1 0.711377 0.742956 0.184580 0.278527
0 0.282810 0.824366 0.273687 0.351267
19 0.298403 0.582604 0.101836 0.204520
21 0.141399 0.764839 0.063657 0.229985
19 0.443999 0.501033 0.095469 0.189670
19 0.823818 0.586183 0.104385 0.190037
0 0.442883 0.705073 0.229771 0.296037
