0 0.150103 0.538436 0.196670 0.237780
0 0.648403 0.657136 0.340654 0.397641
21 0.937319 0.297571 0.079561 0.166454
20 0.950327 0.129656 0.094707 0.173040
0 0.911221 0.304853 0.177559 0.179084
21 0.122576 0.565095 0.053569 0.179055
21 0.382737 0.563117 0.097593 0.217223
21 0.595959 0.642048 0.118384 0.397267
0 0.861470 0.175751 0.095029 0.154520
19 0.596763 0.368198 0.138359 0.264557
19 0.424075 0.301084 0.117554 0.247385
19 0.108350 0.399026 0.110273 0.193538
21 0.871812 0.186619 0.059229 0.132652
19 0.903901 0.043941 0.081650 0.087883
0 0.408896 0.531462 0.262227 0.296037
