0 0.683274 0.499319 0.160601 0.295663
0 0.531736 0.487769 0.176362 0.233429
21 0.523972 0.505011 0.058560 0.281714
0 0.392817 0.506604 0.177158 0.359700
20 0.681353 0.280198 0.079561 0.157832
20 0.508091 0.295121 0.084424 0.147223
20 0.424771 0.272571 0.078232 0.150535
21 0.684685 0.482568 0.070649 0.269297
19 0.231191 0.197516 0.115840 0.186212
0 0.834575 0.489253 0.160391 0.255927
0 0.195930 0.505967 0.243774 0.482249
20 0.803389 0.281553 0.092930 0.134652
21 0.819939 0.497850 0.059829 0.313223
21 0.203250 0.453923 0.073833 0.236828
21 0.403042 0.462516 0.058555 0.288403
9 0.826682 0.787601 0.147026 0.424799
9 0.179641 0.859223 0.174409 0.281553
9 0.683757 0.810751 0.162661 0.378498
9 0.382839 0.803872 0.164214 0.392256
9 0.533838 0.796194 0.140537 0.407612
