21 0.196111 0.688103 0.053042 0.187897
0 0.603738 0.609194 0.134370 0.167780
0 0.372837 0.653564 0.135254 0.148549
19 0.932256 0.513355 0.076758 0.138872
19 0.755288 0.505454 0.071992 0.127582
19 0.195706 0.523205 0.068560 0.129209
21 0.090251 0.739993 0.046411 0.172425
20 0.067415 0.594868 0.092817 0.130645
20 0.615715 0.484125 0.058784 0.106769
19 0.380098 0.509729 0.065381 0.128952
21 0.390222 0.673179 0.036831 0.117158
21 0.609971 0.623396 0.041992 0.112725
0 0.211948 0.693685 0.183877 0.203590
0 0.780168 0.684304 0.222769 0.285692
0 0.937034 0.644663 0.125933 0.211656
9 0.890845 0.870883 0.218311 0.258234
0 0.083123 0.745077 0.166245 0.171092
21 0.945854 0.649139 0.054883 0.202821
21 0.773289 0.653560 0.050093 0.211663
