20 0.431624 0.552106 0.058345 0.092857
20 0.661023 0.539495 0.070718 0.114066
21 0.665256 0.732696 0.050093 0.189553
21 0.528237 0.703410 0.027256 0.122132
21 0.421790 0.702579 0.031675 0.139267
21 0.256958 0.641238 0.026152 0.137055
21 0.321050 0.604487 0.048252 0.146454
19 0.342498 0.445714 0.065073 0.114212
19 0.859702 0.501531 0.071455 0.145348
19 0.066531 0.531872 0.065415 0.121355
21 0.154377 0.671081 0.053774 0.186791
21 0.050837 0.668150 0.048618 0.163582
9 0.315120 0.882707 0.108657 0.234586
0 0.043784 0.744465 0.087568 0.311158
0 0.333411 0.637114 0.142144 0.310359
0 0.140344 0.678018 0.121460 0.197355
1 0.669260 0.709212 0.162300 0.239538
0 0.425964 0.701179 0.121460 0.198154
20 0.145491 0.529363 0.065239 0.120161
20 0.518918 0.565359 0.051714 0.092842
