15 0.870444 0.536322 0.020576 0.016440
0 0.300623 0.610542 0.299731 0.547311
21 0.850903 0.365381 0.020430 0.058410
21 0.557593 0.538073 0.075615 0.377011
19 0.852734 0.314377 0.024727 0.036139
0 0.854612 0.383619 0.049028 0.095619
21 0.315476 0.560418 0.092417 0.407956
9 0.529287 0.826586 0.192471 0.346828
0 0.750447 0.556637 0.197974 0.440044
20 0.700342 0.260542 0.119658 0.230139
20 0.531357 0.248128 0.126660 0.220593
20 0.344229 0.232868 0.138115 0.237751
0 0.543311 0.523634 0.241963 0.346535
9 0.855894 0.477586 0.038369 0.107304
