21 0.346169 0.388348 0.019888 0.057473
20 0.641794 0.321978 0.082651 0.152527
19 0.389263 0.269974 0.057461 0.102791
21 0.775500 0.538436 0.097065 0.288081
0 0.651387 0.476363 0.151162 0.254659
0 0.411511 0.387300 0.066743 0.142586
9 0.651003 0.792414 0.132134 0.415172
15 0.613594 0.967718 0.055752 0.045341
0 0.795229 0.499440 0.160713 0.214864
12 0.777356 0.789989 0.165483 0.420022
20 0.792456 0.317593 0.108457 0.175333
21 0.634148 0.438168 0.094409 0.200542
21 0.404219 0.378015 0.032412 0.146447
19 0.349175 0.303026 0.046299 0.087502
