9 0.486802 0.728473 0.111387 0.421136
20 0.276128 0.350227 0.073193 0.134491
20 0.377434 0.248366 0.061528 0.121758
20 0.495554 0.295956 0.063120 0.109817
0 0.240930 0.523634 0.165737 0.286491
0 0.481711 0.444850 0.161030 0.182403
0 0.364438 0.412168 0.116689 0.213538
9 0.221326 0.794524 0.142573 0.410952
9 0.347349 0.728949 0.104385 0.451700
15 0.491650 0.956564 0.037090 0.084747
15 0.461533 0.965073 0.041436 0.069853
15 0.314258 0.969568 0.035605 0.056645
15 0.355190 0.967908 0.038643 0.049736
21 0.265359 0.516949 0.051978 0.243509
21 0.367729 0.414293 0.042432 0.226007
21 0.496348 0.460846 0.044023 0.226806
