15 0.210781 0.896755 0.022646 0.036205
20 0.618796 0.487399 0.038159 0.056601
20 0.448293 0.518516 0.036323 0.067934
19 0.907585 0.451700 0.050337 0.072762
12 0.765725 0.713476 0.076733 0.170777
9 0.451040 0.766275 0.072686 0.139114
21 0.103130 0.618718 0.053203 0.091722
21 0.179868 0.598571 0.039395 0.105919
21 0.297275 0.575927 0.060879 0.101319
21 0.367231 0.587634 0.041182 0.111678
21 0.460725 0.602985 0.041948 0.111685
21 0.628394 0.579381 0.032998 0.118205
21 0.770483 0.601260 0.040928 0.093641
21 0.913340 0.551370 0.027881 0.089802
9 0.918855 0.750381 0.093560 0.238183
1 0.912595 0.571330 0.167222 0.180711
20 0.759373 0.525615 0.048599 0.060769
15 0.957512 0.871546 0.022798 0.030872
15 0.901528 0.871458 0.025020 0.026652
15 0.796997 0.838722 0.024668 0.039421
15 0.751628 0.839179 0.020229 0.038125
15 0.642039 0.872725 0.023237 0.024659
15 0.608955 0.871125 0.024570 0.033092
15 0.481655 0.875949 0.024277 0.059077
15 0.435696 0.882674 0.022358 0.041978
9 0.619368 0.743678 0.075522 0.273553
0 0.763406 0.599707 0.072651 0.091678
0 0.625425 0.571095 0.117920 0.108608
0 0.450850 0.632788 0.116396 0.180154
20 0.076526 0.546883 0.041138 0.074513
20 0.174131 0.515509 0.038154 0.070681
20 0.273782 0.489604 0.038794 0.068762
20 0.352861 0.500161 0.039219 0.066198
1 0.064978 0.613330 0.129956 0.161370
0 0.173704 0.592586 0.082622 0.095560
0 0.271082 0.578919 0.060366 0.108608
0 0.356387 0.585832 0.075967 0.104777
9 0.072847 0.770619 0.069678 0.205853
9 0.178652 0.770850 0.086250 0.275853
9 0.273188 0.731934 0.069678 0.233026
9 0.354685 0.745978 0.068755 0.257436
15 0.061855 0.887231 0.040264 0.049304
15 0.096802 0.882542 0.034785 0.048645
15 0.156384 0.910304 0.022202 0.023319
15 0.260371 0.865773 0.026201 0.047971
15 0.297896 0.869326 0.026943 0.045304
15 0.344744 0.881875 0.019097 0.022872
15 0.370503 0.880875 0.031826 0.023099
