21 0.614170 0.656542 0.062324 0.149875
19 0.503005 0.469864 0.081772 0.161810
19 0.346797 0.444608 0.093926 0.180718
19 0.230464 0.467590 0.087783 0.169011
19 0.937253 0.550440 0.125493 0.214198
0 0.283445 0.643004 0.193491 0.288396
0 0.482346 0.714623 0.185220 0.362886
0 0.627083 0.763136 0.192856 0.363839
0 0.795750 0.697722 0.176304 0.238740
0 0.880850 0.807799 0.238301 0.384403
1 0.185046 0.662868 0.143843 0.296989
21 0.082891 0.651121 0.035010 0.216777
21 0.489082 0.628692 0.072930 0.163143
21 0.768186 0.691692 0.057505 0.252000
21 0.943682 0.817696 0.083096 0.336886
20 0.094854 0.468648 0.080664 0.129311
3 0.080347 0.657136 0.137480 0.260703
