20 0.652849 0.429648 0.028599 0.041846
0 0.257039 0.643480 0.189048 0.457421
0 0.445244 0.600315 0.136855 0.342828
0 0.552803 0.554476 0.139395 0.233963
0 0.647681 0.485374 0.046182 0.069297
20 0.582070 0.409143 0.058320 0.115516
18 0.598914 0.432846 0.005181 0.008696
19 0.460674 0.391832 0.066914 0.118813
19 0.270557 0.349037 0.084336 0.162337
21 0.654585 0.485897 0.017139 0.074066
21 0.451423 0.565176 0.043491 0.163934
21 0.268701 0.569868 0.072139 0.309568
21 0.553284 0.533971 0.039048 0.111634
