20 0.531304 0.181577 0.116656 0.292917
22 0.890201 0.693155 0.103545 0.177381
22 0.895234 0.525357 0.104314 0.166429
22 0.902191 0.386488 0.088863 0.147143
22 0.732977 0.899167 0.170769 0.201667
22 0.728344 0.704137 0.153746 0.191131
22 0.734498 0.459345 0.119833 0.312143
22 0.544047 0.946607 0.213244 0.106786
22 0.539030 0.759137 0.204749 0.270893
22 0.514314 0.465536 0.164548 0.330000
22 0.324632 0.748155 0.146789 0.196667
22 0.336605 0.500625 0.132140 0.301131
22 0.106338 0.654643 0.105853 0.169167
22 0.115234 0.472560 0.123645 0.193929
20 0.892525 0.238661 0.072609 0.181488
20 0.710953 0.197381 0.114348 0.220000
20 0.332358 0.211131 0.109732 0.266786
20 0.109833 0.280595 0.085017 0.182857
