22 0.465830 0.180789 0.094679 0.110000
20 0.477660 0.073553 0.074943 0.096263
20 0.745849 0.061158 0.076906 0.121053
20 0.775415 0.586447 0.094679 0.096263
20 0.860698 0.271553 0.073925 0.134789
20 0.462377 0.434526 0.103547 0.130632
20 0.351962 0.276368 0.066038 0.136105
20 0.174981 0.341684 0.067019 0.143053
22 0.461887 0.589211 0.120302 0.151263
22 0.672377 0.563763 0.105509 0.119632
22 0.831623 0.533526 0.082792 0.039895
22 0.848377 0.442763 0.108453 0.141632
22 0.748321 0.338921 0.068038 0.074263
22 0.733019 0.210368 0.094642 0.177368
22 0.466321 0.345816 0.071962 0.057737
22 0.470774 0.270842 0.084792 0.086632
22 0.357981 0.423632 0.100566 0.145789
22 0.177453 0.731526 0.176491 0.111368
22 0.162642 0.635289 0.105509 0.078368
22 0.189377 0.503395 0.130151 0.198053
