22 0.137500 0.477853 0.149242 0.127016
20 0.202443 0.203429 0.081553 0.137539
20 0.369848 0.375602 0.089848 0.144188
20 0.678674 0.229031 0.102273 0.194817
19 0.316799 0.154738 0.089129 0.147068
19 0.513220 0.133979 0.098788 0.197696
19 0.832064 0.222801 0.134053 0.241623
19 0.474867 0.229948 0.059432 0.158534
22 0.173239 0.353586 0.147235 0.203508
22 0.130928 0.669346 0.165114 0.208220
22 0.368182 0.569529 0.127273 0.144188
22 0.342008 0.692749 0.134015 0.117435
22 0.349962 0.823560 0.202424 0.207225
22 0.504356 0.360916 0.069621 0.175340
22 0.532140 0.602696 0.125189 0.177644
22 0.823542 0.457723 0.154205 0.256702
22 0.819830 0.678927 0.169962 0.197120
22 0.821894 0.884136 0.194015 0.231728
22 0.651932 0.512749 0.089545 0.158168
22 0.650284 0.666309 0.079583 0.137539
22 0.287140 0.311073 0.077917 0.153560
22 0.274716 0.439974 0.079583 0.127173
8 0.528826 0.796257 0.189848 0.280785
