20 0.522850 0.188929 0.096100 0.254167
20 0.853650 0.098155 0.062833 0.151786
20 0.292750 0.166637 0.049900 0.123750
20 0.113000 0.400625 0.061000 0.196369
22 0.741850 0.613006 0.092433 0.161726
22 0.755700 0.502440 0.059133 0.072619
22 0.765400 0.423244 0.047133 0.105655
22 0.872617 0.519792 0.143233 0.229345
22 0.881850 0.388571 0.111833 0.141905
22 0.891550 0.252440 0.096100 0.156786
22 0.529783 0.849405 0.196833 0.301190
22 0.532533 0.629524 0.165400 0.204643
22 0.515433 0.431488 0.146000 0.217857
22 0.304283 0.556905 0.124767 0.204643
22 0.305217 0.428185 0.082233 0.125417
22 0.297817 0.297024 0.087767 0.143571
22 0.088967 0.880774 0.152467 0.238452
22 0.115783 0.767292 0.102567 0.173274
22 0.116250 0.583304 0.116433 0.217798
