22 0.332964 0.464699 0.124109 0.171585
22 0.314836 0.606612 0.129600 0.118798
22 0.301127 0.763388 0.146036 0.201311
19 0.335145 0.300082 0.088764 0.149891
19 0.463800 0.226011 0.086000 0.167760
19 0.660091 0.228060 0.103382 0.169126
19 0.794073 0.135765 0.109818 0.209016
22 0.779345 0.840437 0.314036 0.319126
22 0.826545 0.611557 0.199855 0.171639
22 0.621764 0.612377 0.187745 0.173279
22 0.589927 0.847869 0.187782 0.304262
22 0.472964 0.413579 0.147164 0.174918
22 0.464182 0.577760 0.144945 0.153443
22 0.435636 0.776585 0.177891 0.260710
22 0.824255 0.395410 0.176800 0.265683
22 0.645382 0.428415 0.158109 0.204590
