22 0.640598 0.375979 0.137336 0.106598
22 0.646158 0.498582 0.172548 0.152423
22 0.832008 0.447603 0.111583 0.105412
22 0.834575 0.581675 0.221429 0.160464
19 0.242741 0.175438 0.095290 0.129536
19 0.440579 0.129588 0.096139 0.138660
19 0.645734 0.125593 0.089305 0.162732
22 0.850888 0.314691 0.113282 0.128351
19 0.841448 0.172010 0.106448 0.168454
22 0.242992 0.317938 0.137027 0.154021
22 0.236293 0.451314 0.135985 0.107268
22 0.235849 0.581005 0.213784 0.154485
22 0.445734 0.263686 0.091004 0.143247
22 0.454749 0.380541 0.083243 0.092835
22 0.431583 0.494021 0.102162 0.170722
22 0.651313 0.252216 0.139923 0.159278
