22 0.348326 0.564621 0.164241 0.145134
22 0.540268 0.312991 0.156607 0.130804
22 0.532634 0.446228 0.156607 0.148973
22 0.530246 0.597098 0.167098 0.150893
22 0.339241 0.296272 0.144196 0.129866
22 0.349286 0.421362 0.145179 0.133705
22 0.716473 0.311071 0.094554 0.148036
22 0.708839 0.427121 0.100268 0.099330
22 0.722187 0.571295 0.123214 0.175714
22 0.136228 0.310022 0.050580 0.136562
22 0.143973 0.417076 0.049643 0.081205
22 0.085223 0.556496 0.134643 0.224420
22 0.104799 0.148259 0.101205 0.145179
22 0.317277 0.163527 0.085000 0.122232
22 0.530714 0.172143 0.093571 0.118393
22 0.729844 0.164955 0.092634 0.119375
