22 0.238691 0.264617 0.108873 0.156776
22 0.740164 0.536202 0.121709 0.136120
22 0.397909 0.424836 0.123527 0.144426
22 0.239164 0.430355 0.133600 0.166393
22 0.067109 0.407650 0.115309 0.165027
22 0.066964 0.567158 0.133927 0.165027
22 0.228164 0.563033 0.153709 0.151311
22 0.404764 0.568552 0.166545 0.156776
22 0.748855 0.399372 0.113491 0.143005
22 0.918655 0.371885 0.132582 0.178743
22 0.914018 0.215792 0.119891 0.141639
22 0.587800 0.554781 0.128109 0.178743
22 0.585509 0.412459 0.119891 0.114098
22 0.917891 0.535519 0.164218 0.151257
22 0.750218 0.259126 0.125382 0.140219
22 0.577273 0.279754 0.119855 0.148470
22 0.396091 0.282514 0.134509 0.145792
22 0.063909 0.246066 0.119891 0.152678
19 0.902127 0.079372 0.077782 0.158743
19 0.753436 0.125055 0.080545 0.144426
19 0.592364 0.138798 0.065891 0.119672
19 0.392418 0.147732 0.075964 0.137541
19 0.238236 0.125738 0.067745 0.151257
19 0.078636 0.112623 0.075818 0.133224
